41 161 8 1
15 0 40
15 1 28
15 2 36
15 3 39
40 0 40
40 1 37
40 2 34
40 3 30
28 0 14
28 1 28
28 2 26
28 3 33
36 0 34
36 1 26
36 2 36
36 3 25
39 0 30
39 1 33
39 2 35
39 3 39
30 0 30
30 1 29
30 2 38
30 3 30
33 0 23
33 1 33
33 2 21
33 3 33
35 0 38
35 1 27
35 2 35
35 3 25
38 0 38
38 1 31
38 2 38
38 3 32
27 0 13
27 1 27
27 2 21
27 3 12
25 0 32
25 1 12
25 2 25
25 3 25
32 0 32
32 1 18
32 2 32
32 3 32
1 0 1
1 1 1
1 2 1
1 3 1
6 0 6
6 1 6
6 2 1
6 3 6
18 0 6
18 1 18
18 2 7
18 3 18
7 0 1
7 1 7
7 2 7
7 3 7
13 0 13
13 1 16
13 2 10
13 3 3
5 0 5
5 1 5
5 2 5
5 3 1
16 0 16
16 1 16
16 2 5
16 3 6
31 0 16
31 1 31
31 2 17
31 3 18
17 0 5
17 1 17
17 2 17
17 3 7
23 0 23
23 1 23
23 2 10
23 3 23
21 0 10
21 1 21
21 2 21
21 3 9
9 0 2
9 1 9
9 2 9
9 3 9
10 0 10
10 1 5
10 2 10
10 3 2
2 0 2
2 1 1
2 2 2
2 3 2
29 0 23
29 1 29
29 2 22
29 3 29
22 0 10
22 1 17
22 2 22
22 3 19
19 0 2
19 1 7
19 2 19
19 3 19
34 0 34
34 1 24
34 2 34
34 3 32
26 0 4
26 1 26
26 2 26
26 3 12
4 0 4
4 1 11
4 2 4
4 3 3
12 0 3
12 1 12
12 2 9
12 3 12
11 0 11
11 1 11
11 2 11
11 3 6
24 0 11
24 1 24
24 2 24
24 3 18
3 0 3
3 1 6
3 2 2
3 3 3
14 0 14
14 1 14
14 2 4
14 3 23
37 0 14
37 1 37
37 2 0
37 3 29
0 0 4
0 1 24
0 2 0
0 3 20
20 0 3
20 1 18
20 2 19
20 3 20
8 0 15
1
