233 1161 232 1
0 0 1
0 1 2
0 2 3
0 3 4
0 4 5
1 0 1
1 1 228
1 2 188
1 3 121
1 4 6
2 0 217
2 1 2
2 2 218
2 3 122
2 4 7
3 0 188
3 1 189
3 2 3
3 3 190
3 4 8
4 0 121
4 1 122
4 2 123
4 3 4
4 4 124
5 0 6
5 1 7
5 2 8
5 3 9
5 4 5
6 0 6
6 1 117
6 2 77
6 3 10
6 4 6
7 0 106
7 1 7
7 2 107
7 3 11
7 4 7
8 0 77
8 1 78
8 2 8
8 3 79
8 4 8
9 0 10
9 1 11
9 2 12
9 3 9
9 4 13
10 0 10
10 1 74
10 2 47
10 3 10
10 4 14
11 0 66
11 1 11
11 2 67
11 3 11
11 4 15
12 0 47
12 1 48
12 2 12
12 3 49
12 4 16
13 0 14
13 1 15
13 2 16
13 3 13
13 4 13
14 0 14
14 1 44
14 2 17
14 3 14
14 4 14
15 0 36
15 1 15
15 2 37
15 3 15
15 4 15
16 0 17
16 1 18
16 2 16
16 3 19
16 4 16
17 0 17
17 1 34
17 2 17
17 3 20
17 4 17
18 0 29
18 1 18
18 2 30
18 3 21
18 4 18
19 0 20
19 1 21
19 2 19
19 3 19
19 4 19
20 0 20
20 1 27
20 2 20
20 3 20
20 4 20
21 0 22
21 1 21
21 2 23
21 3 21
21 4 21
22 0 22
22 1 26
22 2 24
22 3 22
22 4 22
23 0 24
23 1 23
23 2 23
23 3 23
23 4 23
24 0 24
24 1 25
24 2 24
24 3 24
24 4 24
25 0 25
25 1 25
25 2 25
25 3 25
25 4 25
26 0 26
26 1 26
26 2 25
26 3 26
26 4 26
27 0 26
27 1 27
27 2 28
27 3 27
27 4 27
28 0 25
28 1 28
28 2 28
28 3 28
28 4 28
29 0 29
29 1 33
29 2 31
29 3 22
29 4 29
30 0 31
30 1 30
30 2 30
30 3 23
30 4 30
31 0 31
31 1 32
31 2 31
31 3 24
31 4 31
32 0 32
32 1 32
32 2 32
32 3 25
32 4 32
33 0 33
33 1 33
33 2 32
33 3 26
33 4 33
34 0 33
34 1 34
34 2 35
34 3 27
34 4 34
35 0 32
35 1 35
35 2 35
35 3 28
35 4 35
36 0 36
36 1 41
36 2 38
36 3 36
36 4 36
37 0 38
37 1 30
37 2 37
37 3 39
37 4 37
38 0 38
38 1 32
38 2 38
38 3 40
38 4 38
39 0 40
39 1 23
39 2 39
39 3 39
39 4 39
40 0 40
40 1 25
40 2 40
40 3 40
40 4 40
41 0 41
41 1 41
41 2 42
41 3 41
41 4 41
42 0 42
42 1 32
42 2 42
42 3 43
42 4 42
43 0 43
43 1 25
43 2 43
43 3 43
43 4 43
44 0 41
44 1 44
44 2 45
44 3 44
44 4 44
45 0 42
45 1 35
45 2 45
45 3 46
45 4 45
46 0 43
46 1 28
46 2 46
46 3 46
46 4 46
47 0 47
47 1 64
47 2 47
47 3 50
47 4 17
48 0 59
48 1 48
48 2 60
48 3 51
48 4 18
49 0 50
49 1 51
49 2 49
49 3 49
49 4 19
50 0 50
50 1 57
50 2 50
50 3 50
50 4 20
51 0 52
51 1 51
51 2 53
51 3 51
51 4 21
52 0 52
52 1 56
52 2 54
52 3 52
52 4 22
53 0 54
53 1 53
53 2 53
53 3 53
53 4 23
54 0 54
54 1 55
54 2 54
54 3 54
54 4 24
55 0 55
55 1 55
55 2 55
55 3 55
55 4 25
56 0 56
56 1 56
56 2 55
56 3 56
56 4 26
57 0 56
57 1 57
57 2 58
57 3 57
57 4 27
58 0 55
58 1 58
58 2 58
58 3 58
58 4 28
59 0 59
59 1 63
59 2 61
59 3 52
59 4 29
60 0 61
60 1 60
60 2 60
60 3 53
60 4 30
61 0 61
61 1 62
61 2 61
61 3 54
61 4 31
62 0 62
62 1 62
62 2 62
62 3 55
62 4 32
63 0 63
63 1 63
63 2 62
63 3 56
63 4 33
64 0 63
64 1 64
64 2 65
64 3 57
64 4 34
65 0 62
65 1 65
65 2 65
65 3 58
65 4 35
66 0 66
66 1 71
66 2 68
66 3 66
66 4 36
67 0 68
67 1 60
67 2 67
67 3 69
67 4 37
68 0 68
68 1 62
68 2 68
68 3 70
68 4 38
69 0 70
69 1 53
69 2 69
69 3 69
69 4 39
70 0 70
70 1 55
70 2 70
70 3 70
70 4 40
71 0 71
71 1 71
71 2 72
71 3 71
71 4 41
72 0 72
72 1 62
72 2 72
72 3 73
72 4 42
73 0 73
73 1 55
73 2 73
73 3 73
73 4 43
74 0 71
74 1 74
74 2 75
74 3 74
74 4 44
75 0 72
75 1 65
75 2 75
75 3 76
75 4 45
76 0 73
76 1 58
76 2 76
76 3 76
76 4 46
77 0 77
77 1 102
77 2 77
77 3 80
77 4 77
78 0 91
78 1 78
78 2 92
78 3 81
78 4 78
79 0 80
79 1 81
79 2 49
79 3 79
79 4 82
80 0 80
80 1 90
80 2 50
80 3 80
80 4 83
81 0 88
81 1 81
81 2 53
81 3 81
81 4 84
82 0 83
82 1 84
82 2 19
82 3 82
82 4 82
83 0 83
83 1 87
83 2 20
83 3 83
83 4 83
84 0 85
84 1 84
84 2 23
84 3 84
84 4 84
85 0 85
85 1 86
85 2 24
85 3 85
85 4 85
86 0 86
86 1 86
86 2 25
86 3 86
86 4 86
87 0 86
87 1 87
87 2 28
87 3 87
87 4 87
88 0 88
88 1 89
88 2 54
88 3 88
88 4 85
89 0 89
89 1 89
89 2 55
89 3 89
89 4 86
90 0 89
90 1 90
90 2 58
90 3 90
90 4 87
91 0 91
91 1 101
91 2 93
91 3 88
91 4 91
92 0 93
92 1 92
92 2 92
92 3 94
92 4 92
93 0 93
93 1 100
93 2 93
93 3 95
93 4 93
94 0 95
94 1 94
94 2 53
94 3 94
94 4 96
95 0 95
95 1 99
95 2 54
95 3 95
95 4 97
96 0 97
96 1 96
96 2 23
96 3 96
96 4 96
97 0 97
97 1 98
97 2 24
97 3 97
97 4 97
98 0 98
98 1 98
98 2 25
98 3 98
98 4 98
99 0 99
99 1 99
99 2 55
99 3 99
99 4 98
100 0 100
100 1 100
100 2 100
100 3 99
100 4 100
101 0 101
101 1 101
101 2 100
101 3 89
101 4 101
102 0 101
102 1 102
102 2 103
102 3 90
102 4 102
103 0 100
103 1 103
103 2 103
103 3 104
103 4 103
104 0 99
104 1 104
104 2 58
104 3 104
104 4 105
105 0 98
105 1 105
105 2 28
105 3 105
105 4 105
106 0 106
106 1 113
106 2 108
106 3 66
106 4 106
107 0 108
107 1 92
107 2 107
107 3 109
107 4 107
108 0 108
108 1 100
108 2 108
108 3 110
108 4 108
109 0 110
109 1 94
109 2 69
109 3 109
109 4 111
110 0 110
110 1 99
110 2 70
110 3 110
110 4 112
111 0 112
111 1 96
111 2 39
111 3 111
111 4 111
112 0 112
112 1 98
112 2 40
112 3 112
112 4 112
113 0 113
113 1 113
113 2 114
113 3 71
113 4 113
114 0 114
114 1 100
114 2 114
114 3 115
114 4 114
115 0 115
115 1 99
115 2 73
115 3 115
115 4 116
116 0 116
116 1 98
116 2 43
116 3 116
116 4 116
117 0 113
117 1 117
117 2 118
117 3 74
117 4 117
118 0 114
118 1 103
118 2 118
118 3 119
118 4 118
119 0 115
119 1 104
119 2 76
119 3 119
119 4 120
120 0 116
120 1 105
120 2 46
120 3 120
120 4 120
121 0 121
121 1 184
121 2 144
121 3 121
121 4 125
122 0 173
122 1 122
122 2 174
122 3 122
122 4 126
123 0 144
123 1 145
123 2 123
123 3 146
123 4 127
124 0 125
124 1 126
124 2 127
124 3 13
124 4 124
125 0 125
125 1 142
125 2 128
125 3 14
125 4 125
126 0 137
126 1 126
126 2 138
126 3 15
126 4 126
127 0 128
127 1 129
127 2 127
127 3 19
127 4 127
128 0 128
128 1 135
128 2 128
128 3 20
128 4 128
129 0 130
129 1 129
129 2 131
129 3 21
129 4 129
130 0 130
130 1 134
130 2 132
130 3 22
130 4 130
131 0 132
131 1 131
131 2 131
131 3 23
131 4 131
132 0 132
132 1 133
132 2 132
132 3 24
132 4 132
133 0 133
133 1 133
133 2 133
133 3 25
133 4 133
134 0 134
134 1 134
134 2 133
134 3 26
134 4 134
135 0 134
135 1 135
135 2 136
135 3 27
135 4 135
136 0 133
136 1 136
136 2 136
136 3 28
136 4 136
137 0 137
137 1 140
137 2 139
137 3 36
137 4 137
138 0 139
138 1 131
138 2 138
138 3 39
138 4 138
139 0 139
139 1 133
139 2 139
139 3 40
139 4 139
140 0 140
140 1 140
140 2 141
140 3 41
140 4 140
141 0 141
141 1 133
141 2 141
141 3 43
141 4 141
142 0 140
142 1 142
142 2 143
142 3 44
142 4 142
143 0 141
143 1 136
143 2 143
143 3 46
143 4 143
144 0 144
144 1 171
144 2 144
144 3 147
144 4 128
145 0 166
145 1 145
145 2 167
145 3 148
145 4 129
146 0 147
146 1 148
146 2 146
146 3 146
146 4 149
147 0 147
147 1 164
147 2 147
147 3 147
147 4 150
148 0 159
148 1 148
148 2 160
148 3 148
148 4 151
149 0 150
149 1 151
149 2 149
149 3 19
149 4 149
150 0 150
150 1 157
150 2 150
150 3 20
150 4 150
151 0 152
151 1 151
151 2 153
151 3 21
151 4 151
152 0 152
152 1 156
152 2 154
152 3 22
152 4 152
153 0 154
153 1 153
153 2 153
153 3 23
153 4 153
154 0 154
154 1 155
154 2 154
154 3 24
154 4 154
155 0 155
155 1 155
155 2 155
155 3 25
155 4 155
156 0 156
156 1 156
156 2 155
156 3 26
156 4 156
157 0 156
157 1 157
157 2 158
157 3 27
157 4 157
158 0 155
158 1 158
158 2 158
158 3 28
158 4 158
159 0 159
159 1 163
159 2 161
159 3 159
159 4 152
160 0 161
160 1 160
160 2 160
160 3 160
160 4 153
161 0 161
161 1 162
161 2 161
161 3 161
161 4 154
162 0 162
162 1 162
162 2 162
162 3 162
162 4 155
163 0 163
163 1 163
163 2 162
163 3 163
163 4 156
164 0 163
164 1 164
164 2 165
164 3 164
164 4 157
165 0 162
165 1 165
165 2 165
165 3 165
165 4 158
166 0 166
166 1 170
166 2 168
166 3 159
166 4 130
167 0 168
167 1 167
167 2 167
167 3 160
167 4 131
168 0 168
168 1 169
168 2 168
168 3 161
168 4 132
169 0 169
169 1 169
169 2 169
169 3 162
169 4 133
170 0 170
170 1 170
170 2 169
170 3 163
170 4 134
171 0 170
171 1 171
171 2 172
171 3 164
171 4 135
172 0 169
172 1 172
172 2 172
172 3 165
172 4 136
173 0 173
173 1 180
173 2 175
173 3 173
173 4 137
174 0 175
174 1 167
174 2 174
174 3 176
174 4 138
175 0 175
175 1 169
175 2 175
175 3 177
175 4 139
176 0 177
176 1 160
176 2 176
176 3 176
176 4 178
177 0 177
177 1 162
177 2 177
177 3 177
177 4 179
178 0 179
178 1 153
178 2 178
178 3 39
178 4 178
179 0 179
179 1 155
179 2 179
179 3 40
179 4 179
180 0 180
180 1 180
180 2 181
180 3 180
180 4 140
181 0 181
181 1 169
181 2 181
181 3 182
181 4 141
182 0 182
182 1 162
182 2 182
182 3 182
182 4 183
183 0 183
183 1 155
183 2 183
183 3 43
183 4 183
184 0 180
184 1 184
184 2 185
184 3 184
184 4 142
185 0 181
185 1 172
185 2 185
185 3 186
185 4 143
186 0 182
186 1 165
186 2 186
186 3 186
186 4 187
187 0 183
187 1 158
187 2 187
187 3 46
187 4 187
188 0 188
188 1 213
188 2 188
188 3 191
188 4 77
189 0 202
189 1 189
189 2 203
189 3 192
189 4 78
190 0 191
190 1 192
190 2 146
190 3 190
190 4 193
191 0 191
191 1 201
191 2 147
191 3 191
191 4 194
192 0 199
192 1 192
192 2 160
192 3 192
192 4 195
193 0 194
193 1 195
193 2 149
193 3 82
193 4 193
194 0 194
194 1 198
194 2 150
194 3 83
194 4 194
195 0 196
195 1 195
195 2 153
195 3 84
195 4 195
196 0 196
196 1 197
196 2 154
196 3 85
196 4 196
197 0 197
197 1 197
197 2 155
197 3 86
197 4 197
198 0 197
198 1 198
198 2 158
198 3 87
198 4 198
199 0 199
199 1 200
199 2 161
199 3 199
199 4 196
200 0 200
200 1 200
200 2 162
200 3 200
200 4 197
201 0 200
201 1 201
201 2 165
201 3 201
201 4 198
202 0 202
202 1 212
202 2 204
202 3 199
202 4 91
203 0 204
203 1 203
203 2 203
203 3 205
203 4 92
204 0 204
204 1 211
204 2 204
204 3 206
204 4 93
205 0 206
205 1 205
205 2 160
205 3 205
205 4 207
206 0 206
206 1 210
206 2 161
206 3 206
206 4 208
207 0 208
207 1 207
207 2 153
207 3 96
207 4 207
208 0 208
208 1 209
208 2 154
208 3 97
208 4 208
209 0 209
209 1 209
209 2 155
209 3 98
209 4 209
210 0 210
210 1 210
210 2 162
210 3 210
210 4 209
211 0 211
211 1 211
211 2 211
211 3 210
211 4 100
212 0 212
212 1 212
212 2 211
212 3 200
212 4 101
213 0 212
213 1 213
213 2 214
213 3 201
213 4 102
214 0 211
214 1 214
214 2 214
214 3 215
214 4 103
215 0 210
215 1 215
215 2 165
215 3 215
215 4 216
216 0 209
216 1 216
216 2 158
216 3 105
216 4 216
217 0 217
217 1 224
217 2 219
217 3 173
217 4 106
218 0 219
218 1 203
218 2 218
218 3 220
218 4 107
219 0 219
219 1 211
219 2 219
219 3 221
219 4 108
220 0 221
220 1 205
220 2 176
220 3 220
220 4 222
221 0 221
221 1 210
221 2 177
221 3 221
221 4 223
222 0 223
222 1 207
222 2 178
222 3 111
222 4 222
223 0 223
223 1 209
223 2 179
223 3 112
223 4 223
224 0 224
224 1 224
224 2 225
224 3 180
224 4 113
225 0 225
225 1 211
225 2 225
225 3 226
225 4 114
226 0 226
226 1 210
226 2 182
226 3 226
226 4 227
227 0 227
227 1 209
227 2 183
227 3 116
227 4 227
228 0 224
228 1 228
228 2 229
228 3 184
228 4 117
229 0 225
229 1 214
229 2 229
229 3 230
229 4 118
230 0 226
230 1 215
230 2 186
230 3 230
230 4 231
231 0 227
231 1 216
231 2 187
231 3 120
231 4 231
232 0 0
25
