99 491 10 1
98 0 97
98 1 84
98 2 95
98 3 85
98 4 0
97 0 97
97 1 83
97 2 88
97 3 87
97 4 96
84 0 54
84 1 84
84 2 78
84 3 55
84 4 91
95 0 88
95 1 78
95 2 95
95 3 77
95 4 90
85 0 87
85 1 55
85 2 77
85 3 85
85 4 79
0 0 96
0 1 91
0 2 90
0 3 93
0 4 0
96 0 96
96 1 92
96 2 82
96 3 94
96 4 96
91 0 71
91 1 91
91 2 69
91 3 73
91 4 91
90 0 82
90 1 69
90 2 90
90 3 68
90 4 90
93 0 94
93 1 73
93 2 80
93 3 93
93 4 79
94 0 94
94 1 76
94 2 89
94 3 94
94 4 74
73 0 45
73 1 73
73 2 53
73 3 73
73 4 66
80 0 89
80 1 51
80 2 80
80 3 68
80 4 48
74 0 74
74 1 46
74 2 72
74 3 74
74 4 74
66 0 17
66 1 66
66 2 36
66 3 66
66 4 66
18 0 4
18 1 18
18 2 36
18 3 16
18 4 18
43 0 63
43 1 16
43 2 43
43 3 43
43 4 43
63 0 63
63 1 31
63 2 63
63 3 63
63 4 63
3 0 3
3 1 8
3 2 2
3 3 3
3 4 3
12 0 2
12 1 12
12 2 12
12 3 12
12 4 12
1 0 1
1 1 1
1 2 1
1 3 1
1 4 1
8 0 8
8 1 8
8 2 1
8 3 8
8 4 8
31 0 8
31 1 31
31 2 9
31 3 31
31 4 31
9 0 1
9 1 9
9 2 9
9 3 9
9 4 9
36 0 13
36 1 36
36 2 36
36 3 12
36 4 36
7 0 7
7 1 7
7 2 7
7 3 1
7 4 7
30 0 7
30 1 30
30 2 30
30 3 9
30 4 30
17 0 17
17 1 17
17 2 13
17 3 17
17 4 17
13 0 13
13 1 7
13 2 13
13 3 2
13 4 13
2 0 2
2 1 1
2 2 2
2 3 2
2 4 2
46 0 17
46 1 46
46 2 38
46 3 46
46 4 46
38 0 13
38 1 30
38 2 38
38 3 32
38 4 38
32 0 2
32 1 9
32 2 32
32 3 32
32 4 32
89 0 89
89 1 61
89 2 89
89 3 86
89 4 72
51 0 23
51 1 51
51 2 53
51 3 39
51 4 18
33 0 11
33 1 33
33 2 33
33 3 33
33 4 12
6 0 6
6 1 6
6 2 6
6 3 6
6 4 1
28 0 6
28 1 28
28 2 28
28 3 28
28 4 9
23 0 23
23 1 27
23 2 21
23 3 14
23 4 4
53 0 21
53 1 53
53 2 53
53 3 33
53 4 36
26 0 26
26 1 26
26 2 26
26 3 6
26 4 7
27 0 27
27 1 27
27 2 26
27 3 24
27 4 15
61 0 27
61 1 61
61 2 60
61 3 57
61 4 41
60 0 26
60 1 60
60 2 60
60 3 28
60 4 30
45 0 45
45 1 45
45 2 21
45 3 45
45 4 17
21 0 21
21 1 26
21 2 21
21 3 11
21 4 13
11 0 11
11 1 6
11 2 11
11 3 11
11 4 2
76 0 45
76 1 76
76 2 64
76 3 76
76 4 46
64 0 21
64 1 60
64 2 64
64 3 34
64 4 38
34 0 11
34 1 28
34 2 34
34 3 34
34 4 32
82 0 82
82 1 52
82 2 82
82 3 86
82 4 82
69 0 40
69 1 69
69 2 69
69 3 39
69 4 69
68 0 86
68 1 39
68 2 68
68 3 68
68 4 43
86 0 86
86 1 57
86 2 86
86 3 86
86 4 63
39 0 14
39 1 39
39 2 33
39 3 39
39 4 16
16 0 3
16 1 16
16 2 12
16 3 16
16 4 16
14 0 14
14 1 24
14 2 11
14 3 14
14 4 3
24 0 24
24 1 24
24 2 6
24 3 24
24 4 8
57 0 24
57 1 57
57 2 28
57 3 57
57 4 31
40 0 40
40 1 56
40 2 40
40 3 14
40 4 40
56 0 56
56 1 56
56 2 56
56 3 24
56 4 56
52 0 56
52 1 52
52 2 52
52 3 57
52 4 52
71 0 71
71 1 71
71 2 40
71 3 45
71 4 71
92 0 71
92 1 92
92 2 70
92 3 76
92 4 92
70 0 40
70 1 52
70 2 70
70 3 44
70 4 70
44 0 14
44 1 57
44 2 34
44 3 44
44 4 35
35 0 3
35 1 31
35 2 32
35 3 35
35 4 35
87 0 87
87 1 75
87 2 58
87 3 87
87 4 74
55 0 22
55 1 55
55 2 65
55 3 55
55 4 66
77 0 58
77 1 47
77 2 77
77 3 77
77 4 48
79 0 74
79 1 66
79 2 48
79 3 79
79 4 79
4 0 4
4 1 15
4 2 13
4 3 3
4 4 4
65 0 5
65 1 65
65 2 65
65 3 65
65 4 36
5 0 5
5 1 29
5 2 5
5 3 5
5 4 13
29 0 29
29 1 29
29 2 29
29 3 29
29 4 7
25 0 37
25 1 25
25 2 62
25 3 25
25 4 41
62 0 29
62 1 62
62 2 62
62 3 62
62 4 30
22 0 22
22 1 22
22 2 5
22 3 22
22 4 17
75 0 22
75 1 75
75 2 67
75 3 75
75 4 46
67 0 5
67 1 62
67 2 67
67 3 67
67 4 38
88 0 88
88 1 59
88 2 88
88 3 58
88 4 82
78 0 49
78 1 78
78 2 78
78 3 47
78 4 69
58 0 58
58 1 25
58 2 58
58 3 58
58 4 72
48 0 72
48 1 18
48 2 48
48 3 43
48 4 48
72 0 72
72 1 41
72 2 72
72 3 63
72 4 72
15 0 15
15 1 15
15 2 7
15 3 8
15 4 15
41 0 15
41 1 41
41 2 30
41 3 31
41 4 41
49 0 49
49 1 20
49 2 49
49 3 19
49 4 40
47 0 19
47 1 47
47 2 65
47 3 47
47 4 18
19 0 19
19 1 37
19 2 5
19 3 19
19 4 4
37 0 37
37 1 37
37 2 29
37 3 37
37 4 15
20 0 20
20 1 20
20 2 20
20 3 37
20 4 56
59 0 20
59 1 59
59 2 59
59 3 25
59 4 52
54 0 54
54 1 54
54 2 49
54 3 22
54 4 71
83 0 54
83 1 83
83 2 81
83 3 75
83 4 92
81 0 49
81 1 59
81 2 81
81 3 50
81 4 70
50 0 19
50 1 25
50 2 67
50 3 50
50 4 42
42 0 4
42 1 41
42 2 38
42 3 35
42 4 42
10 0 98
1
