793 4753 792 1
0 0 1
0 1 2
0 2 3
0 3 4
0 4 5
0 5 6
1 0 1
1 1 787
1 2 734
1 3 633
1 4 402
1 5 7
2 0 773
2 1 2
2 2 774
2 3 634
2 4 403
2 5 8
3 0 734
3 1 735
3 2 3
3 3 736
3 4 404
3 5 9
4 0 633
4 1 634
4 2 635
4 3 4
4 4 636
4 5 10
5 0 402
5 1 403
5 2 404
5 3 405
5 4 5
5 5 406
6 0 7
6 1 8
6 2 9
6 3 10
6 4 11
6 5 6
7 0 7
7 1 397
7 2 344
7 3 243
7 4 12
7 5 7
8 0 383
8 1 8
8 2 384
8 3 244
8 4 13
8 5 8
9 0 344
9 1 345
9 2 9
9 3 346
9 4 14
9 5 9
10 0 243
10 1 244
10 2 245
10 3 10
10 4 246
10 5 10
11 0 12
11 1 13
11 2 14
11 3 15
11 4 11
11 5 16
12 0 12
12 1 239
12 2 199
12 3 132
12 4 12
12 5 17
13 0 228
13 1 13
13 2 229
13 3 133
13 4 13
13 5 18
14 0 199
14 1 200
14 2 14
14 3 201
14 4 14
14 5 19
15 0 132
15 1 133
15 2 134
15 3 15
15 4 135
15 5 20
16 0 17
16 1 18
16 2 19
16 3 20
16 4 16
16 5 16
17 0 17
17 1 128
17 2 88
17 3 21
17 4 17
17 5 17
18 0 117
18 1 18
18 2 118
18 3 22
18 4 18
18 5 18
19 0 88
19 1 89
19 2 19
19 3 90
19 4 19
19 5 19
20 0 21
20 1 22
20 2 23
20 3 20
20 4 24
20 5 20
21 0 21
21 1 85
21 2 58
21 3 21
21 4 25
21 5 21
22 0 77
22 1 22
22 2 78
22 3 22
22 4 26
22 5 22
23 0 58
23 1 59
23 2 23
23 3 60
23 4 27
23 5 23
24 0 25
24 1 26
24 2 27
24 3 24
24 4 24
24 5 24
25 0 25
25 1 55
25 2 28
25 3 25
25 4 25
25 5 25
26 0 47
26 1 26
26 2 48
26 3 26
26 4 26
26 5 26
27 0 28
27 1 29
27 2 27
27 3 30
27 4 27
27 5 27
28 0 28
28 1 45
28 2 28
28 3 31
28 4 28
28 5 28
29 0 40
29 1 29
29 2 41
29 3 32
29 4 29
29 5 29
30 0 31
30 1 32
30 2 30
30 3 30
30 4 30
30 5 30
31 0 31
31 1 38
31 2 31
31 3 31
31 4 31
31 5 31
32 0 33
32 1 32
32 2 34
32 3 32
32 4 32
32 5 32
33 0 33
33 1 37
33 2 35
33 3 33
33 4 33
33 5 33
34 0 35
34 1 34
34 2 34
34 3 34
34 4 34
34 5 34
35 0 35
35 1 36
35 2 35
35 3 35
35 4 35
35 5 35
36 0 36
36 1 36
36 2 36
36 3 36
36 4 36
36 5 36
37 0 37
37 1 37
37 2 36
37 3 37
37 4 37
37 5 37
38 0 37
38 1 38
38 2 39
38 3 38
38 4 38
38 5 38
39 0 36
39 1 39
39 2 39
39 3 39
39 4 39
39 5 39
40 0 40
40 1 44
40 2 42
40 3 33
40 4 40
40 5 40
41 0 42
41 1 41
41 2 41
41 3 34
41 4 41
41 5 41
42 0 42
42 1 43
42 2 42
42 3 35
42 4 42
42 5 42
43 0 43
43 1 43
43 2 43
43 3 36
43 4 43
43 5 43
44 0 44
44 1 44
44 2 43
44 3 37
44 4 44
44 5 44
45 0 44
45 1 45
45 2 46
45 3 38
45 4 45
45 5 45
46 0 43
46 1 46
46 2 46
46 3 39
46 4 46
46 5 46
47 0 47
47 1 52
47 2 49
47 3 47
47 4 47
47 5 47
48 0 49
48 1 41
48 2 48
48 3 50
48 4 48
48 5 48
49 0 49
49 1 43
49 2 49
49 3 51
49 4 49
49 5 49
50 0 51
50 1 34
50 2 50
50 3 50
50 4 50
50 5 50
51 0 51
51 1 36
51 2 51
51 3 51
51 4 51
51 5 51
52 0 52
52 1 52
52 2 53
52 3 52
52 4 52
52 5 52
53 0 53
53 1 43
53 2 53
53 3 54
53 4 53
53 5 53
54 0 54
54 1 36
54 2 54
54 3 54
54 4 54
54 5 54
55 0 52
55 1 55
55 2 56
55 3 55
55 4 55
55 5 55
56 0 53
56 1 46
56 2 56
56 3 57
56 4 56
56 5 56
57 0 54
57 1 39
57 2 57
57 3 57
57 4 57
57 5 57
58 0 58
58 1 75
58 2 58
58 3 61
58 4 28
58 5 58
59 0 70
59 1 59
59 2 71
59 3 62
59 4 29
59 5 59
60 0 61
60 1 62
60 2 60
60 3 60
60 4 30
60 5 60
61 0 61
61 1 68
61 2 61
61 3 61
61 4 31
61 5 61
62 0 63
62 1 62
62 2 64
62 3 62
62 4 32
62 5 62
63 0 63
63 1 67
63 2 65
63 3 63
63 4 33
63 5 63
64 0 65
64 1 64
64 2 64
64 3 64
64 4 34
64 5 64
65 0 65
65 1 66
65 2 65
65 3 65
65 4 35
65 5 65
66 0 66
66 1 66
66 2 66
66 3 66
66 4 36
66 5 66
67 0 67
67 1 67
67 2 66
67 3 67
67 4 37
67 5 67
68 0 67
68 1 68
68 2 69
68 3 68
68 4 38
68 5 68
69 0 66
69 1 69
69 2 69
69 3 69
69 4 39
69 5 69
70 0 70
70 1 74
70 2 72
70 3 63
70 4 40
70 5 70
71 0 72
71 1 71
71 2 71
71 3 64
71 4 41
71 5 71
72 0 72
72 1 73
72 2 72
72 3 65
72 4 42
72 5 72
73 0 73
73 1 73
73 2 73
73 3 66
73 4 43
73 5 73
74 0 74
74 1 74
74 2 73
74 3 67
74 4 44
74 5 74
75 0 74
75 1 75
75 2 76
75 3 68
75 4 45
75 5 75
76 0 73
76 1 76
76 2 76
76 3 69
76 4 46
76 5 76
77 0 77
77 1 82
77 2 79
77 3 77
77 4 47
77 5 77
78 0 79
78 1 71
78 2 78
78 3 80
78 4 48
78 5 78
79 0 79
79 1 73
79 2 79
79 3 81
79 4 49
79 5 79
80 0 81
80 1 64
80 2 80
80 3 80
80 4 50
80 5 80
81 0 81
81 1 66
81 2 81
81 3 81
81 4 51
81 5 81
82 0 82
82 1 82
82 2 83
82 3 82
82 4 52
82 5 82
83 0 83
83 1 73
83 2 83
83 3 84
83 4 53
83 5 83
84 0 84
84 1 66
84 2 84
84 3 84
84 4 54
84 5 84
85 0 82
85 1 85
85 2 86
85 3 85
85 4 55
85 5 85
86 0 83
86 1 76
86 2 86
86 3 87
86 4 56
86 5 86
87 0 84
87 1 69
87 2 87
87 3 87
87 4 57
87 5 87
88 0 88
88 1 113
88 2 88
88 3 91
88 4 88
88 5 88
89 0 102
89 1 89
89 2 103
89 3 92
89 4 89
89 5 89
90 0 91
90 1 92
90 2 60
90 3 90
90 4 93
90 5 90
91 0 91
91 1 101
91 2 61
91 3 91
91 4 94
91 5 91
92 0 99
92 1 92
92 2 64
92 3 92
92 4 95
92 5 92
93 0 94
93 1 95
93 2 30
93 3 93
93 4 93
93 5 93
94 0 94
94 1 98
94 2 31
94 3 94
94 4 94
94 5 94
95 0 96
95 1 95
95 2 34
95 3 95
95 4 95
95 5 95
96 0 96
96 1 97
96 2 35
96 3 96
96 4 96
96 5 96
97 0 97
97 1 97
97 2 36
97 3 97
97 4 97
97 5 97
98 0 97
98 1 98
98 2 39
98 3 98
98 4 98
98 5 98
99 0 99
99 1 100
99 2 65
99 3 99
99 4 96
99 5 99
100 0 100
100 1 100
100 2 66
100 3 100
100 4 97
100 5 100
101 0 100
101 1 101
101 2 69
101 3 101
101 4 98
101 5 101
102 0 102
102 1 112
102 2 104
102 3 99
102 4 102
102 5 102
103 0 104
103 1 103
103 2 103
103 3 105
103 4 103
103 5 103
104 0 104
104 1 111
104 2 104
104 3 106
104 4 104
104 5 104
105 0 106
105 1 105
105 2 64
105 3 105
105 4 107
105 5 105
106 0 106
106 1 110
106 2 65
106 3 106
106 4 108
106 5 106
107 0 108
107 1 107
107 2 34
107 3 107
107 4 107
107 5 107
108 0 108
108 1 109
108 2 35
108 3 108
108 4 108
108 5 108
109 0 109
109 1 109
109 2 36
109 3 109
109 4 109
109 5 109
110 0 110
110 1 110
110 2 66
110 3 110
110 4 109
110 5 110
111 0 111
111 1 111
111 2 111
111 3 110
111 4 111
111 5 111
112 0 112
112 1 112
112 2 111
112 3 100
112 4 112
112 5 112
113 0 112
113 1 113
113 2 114
113 3 101
113 4 113
113 5 113
114 0 111
114 1 114
114 2 114
114 3 115
114 4 114
114 5 114
115 0 110
115 1 115
115 2 69
115 3 115
115 4 116
115 5 115
116 0 109
116 1 116
116 2 39
116 3 116
116 4 116
116 5 116
117 0 117
117 1 124
117 2 119
117 3 77
117 4 117
117 5 117
118 0 119
118 1 103
118 2 118
118 3 120
118 4 118
118 5 118
119 0 119
119 1 111
119 2 119
119 3 121
119 4 119
119 5 119
120 0 121
120 1 105
120 2 80
120 3 120
120 4 122
120 5 120
121 0 121
121 1 110
121 2 81
121 3 121
121 4 123
121 5 121
122 0 123
122 1 107
122 2 50
122 3 122
122 4 122
122 5 122
123 0 123
123 1 109
123 2 51
123 3 123
123 4 123
123 5 123
124 0 124
124 1 124
124 2 125
124 3 82
124 4 124
124 5 124
125 0 125
125 1 111
125 2 125
125 3 126
125 4 125
125 5 125
126 0 126
126 1 110
126 2 84
126 3 126
126 4 127
126 5 126
127 0 127
127 1 109
127 2 54
127 3 127
127 4 127
127 5 127
128 0 124
128 1 128
128 2 129
128 3 85
128 4 128
128 5 128
129 0 125
129 1 114
129 2 129
129 3 130
129 4 129
129 5 129
130 0 126
130 1 115
130 2 87
130 3 130
130 4 131
130 5 130
131 0 127
131 1 116
131 2 57
131 3 131
131 4 131
131 5 131
132 0 132
132 1 196
132 2 169
132 3 132
132 4 136
132 5 21
133 0 188
133 1 133
133 2 189
133 3 133
133 4 137
133 5 22
134 0 169
134 1 170
134 2 134
134 3 171
134 4 138
134 5 23
135 0 136
135 1 137
135 2 138
135 3 135
135 4 135
135 5 24
136 0 136
136 1 166
136 2 139
136 3 136
136 4 136
136 5 25
137 0 158
137 1 137
137 2 159
137 3 137
137 4 137
137 5 26
138 0 139
138 1 140
138 2 138
138 3 141
138 4 138
138 5 27
139 0 139
139 1 156
139 2 139
139 3 142
139 4 139
139 5 28
140 0 151
140 1 140
140 2 152
140 3 143
140 4 140
140 5 29
141 0 142
141 1 143
141 2 141
141 3 141
141 4 141
141 5 30
142 0 142
142 1 149
142 2 142
142 3 142
142 4 142
142 5 31
143 0 144
143 1 143
143 2 145
143 3 143
143 4 143
143 5 32
144 0 144
144 1 148
144 2 146
144 3 144
144 4 144
144 5 33
145 0 146
145 1 145
145 2 145
145 3 145
145 4 145
145 5 34
146 0 146
146 1 147
146 2 146
146 3 146
146 4 146
146 5 35
147 0 147
147 1 147
147 2 147
147 3 147
147 4 147
147 5 36
148 0 148
148 1 148
148 2 147
148 3 148
148 4 148
148 5 37
149 0 148
149 1 149
149 2 150
149 3 149
149 4 149
149 5 38
150 0 147
150 1 150
150 2 150
150 3 150
150 4 150
150 5 39
151 0 151
151 1 155
151 2 153
151 3 144
151 4 151
151 5 40
152 0 153
152 1 152
152 2 152
152 3 145
152 4 152
152 5 41
153 0 153
153 1 154
153 2 153
153 3 146
153 4 153
153 5 42
154 0 154
154 1 154
154 2 154
154 3 147
154 4 154
154 5 43
155 0 155
155 1 155
155 2 154
155 3 148
155 4 155
155 5 44
156 0 155
156 1 156
156 2 157
156 3 149
156 4 156
156 5 45
157 0 154
157 1 157
157 2 157
157 3 150
157 4 157
157 5 46
158 0 158
158 1 163
158 2 160
158 3 158
158 4 158
158 5 47
159 0 160
159 1 152
159 2 159
159 3 161
159 4 159
159 5 48
160 0 160
160 1 154
160 2 160
160 3 162
160 4 160
160 5 49
161 0 162
161 1 145
161 2 161
161 3 161
161 4 161
161 5 50
162 0 162
162 1 147
162 2 162
162 3 162
162 4 162
162 5 51
163 0 163
163 1 163
163 2 164
163 3 163
163 4 163
163 5 52
164 0 164
164 1 154
164 2 164
164 3 165
164 4 164
164 5 53
165 0 165
165 1 147
165 2 165
165 3 165
165 4 165
165 5 54
166 0 163
166 1 166
166 2 167
166 3 166
166 4 166
166 5 55
167 0 164
167 1 157
167 2 167
167 3 168
167 4 167
167 5 56
168 0 165
168 1 150
168 2 168
168 3 168
168 4 168
168 5 57
169 0 169
169 1 186
169 2 169
169 3 172
169 4 139
169 5 58
170 0 181
170 1 170
170 2 182
170 3 173
170 4 140
170 5 59
171 0 172
171 1 173
171 2 171
171 3 171
171 4 141
171 5 60
172 0 172
172 1 179
172 2 172
172 3 172
172 4 142
172 5 61
173 0 174
173 1 173
173 2 175
173 3 173
173 4 143
173 5 62
174 0 174
174 1 178
174 2 176
174 3 174
174 4 144
174 5 63
175 0 176
175 1 175
175 2 175
175 3 175
175 4 145
175 5 64
176 0 176
176 1 177
176 2 176
176 3 176
176 4 146
176 5 65
177 0 177
177 1 177
177 2 177
177 3 177
177 4 147
177 5 66
178 0 178
178 1 178
178 2 177
178 3 178
178 4 148
178 5 67
179 0 178
179 1 179
179 2 180
179 3 179
179 4 149
179 5 68
180 0 177
180 1 180
180 2 180
180 3 180
180 4 150
180 5 69
181 0 181
181 1 185
181 2 183
181 3 174
181 4 151
181 5 70
182 0 183
182 1 182
182 2 182
182 3 175
182 4 152
182 5 71
183 0 183
183 1 184
183 2 183
183 3 176
183 4 153
183 5 72
184 0 184
184 1 184
184 2 184
184 3 177
184 4 154
184 5 73
185 0 185
185 1 185
185 2 184
185 3 178
185 4 155
185 5 74
186 0 185
186 1 186
186 2 187
186 3 179
186 4 156
186 5 75
187 0 184
187 1 187
187 2 187
187 3 180
187 4 157
187 5 76
188 0 188
188 1 193
188 2 190
188 3 188
188 4 158
188 5 77
189 0 190
189 1 182
189 2 189
189 3 191
189 4 159
189 5 78
190 0 190
190 1 184
190 2 190
190 3 192
190 4 160
190 5 79
191 0 192
191 1 175
191 2 191
191 3 191
191 4 161
191 5 80
192 0 192
192 1 177
192 2 192
192 3 192
192 4 162
192 5 81
193 0 193
193 1 193
193 2 194
193 3 193
193 4 163
193 5 82
194 0 194
194 1 184
194 2 194
194 3 195
194 4 164
194 5 83
195 0 195
195 1 177
195 2 195
195 3 195
195 4 165
195 5 84
196 0 193
196 1 196
196 2 197
196 3 196
196 4 166
196 5 85
197 0 194
197 1 187
197 2 197
197 3 198
197 4 167
197 5 86
198 0 195
198 1 180
198 2 198
198 3 198
198 4 168
198 5 87
199 0 199
199 1 224
199 2 199
199 3 202
199 4 199
199 5 88
200 0 213
200 1 200
200 2 214
200 3 203
200 4 200
200 5 89
201 0 202
201 1 203
201 2 171
201 3 201
201 4 204
201 5 90
202 0 202
202 1 212
202 2 172
202 3 202
202 4 205
202 5 91
203 0 210
203 1 203
203 2 175
203 3 203
203 4 206
203 5 92
204 0 205
204 1 206
204 2 141
204 3 204
204 4 204
204 5 93
205 0 205
205 1 209
205 2 142
205 3 205
205 4 205
205 5 94
206 0 207
206 1 206
206 2 145
206 3 206
206 4 206
206 5 95
207 0 207
207 1 208
207 2 146
207 3 207
207 4 207
207 5 96
208 0 208
208 1 208
208 2 147
208 3 208
208 4 208
208 5 97
209 0 208
209 1 209
209 2 150
209 3 209
209 4 209
209 5 98
210 0 210
210 1 211
210 2 176
210 3 210
210 4 207
210 5 99
211 0 211
211 1 211
211 2 177
211 3 211
211 4 208
211 5 100
212 0 211
212 1 212
212 2 180
212 3 212
212 4 209
212 5 101
213 0 213
213 1 223
213 2 215
213 3 210
213 4 213
213 5 102
214 0 215
214 1 214
214 2 214
214 3 216
214 4 214
214 5 103
215 0 215
215 1 222
215 2 215
215 3 217
215 4 215
215 5 104
216 0 217
216 1 216
216 2 175
216 3 216
216 4 218
216 5 105
217 0 217
217 1 221
217 2 176
217 3 217
217 4 219
217 5 106
218 0 219
218 1 218
218 2 145
218 3 218
218 4 218
218 5 107
219 0 219
219 1 220
219 2 146
219 3 219
219 4 219
219 5 108
220 0 220
220 1 220
220 2 147
220 3 220
220 4 220
220 5 109
221 0 221
221 1 221
221 2 177
221 3 221
221 4 220
221 5 110
222 0 222
222 1 222
222 2 222
222 3 221
222 4 222
222 5 111
223 0 223
223 1 223
223 2 222
223 3 211
223 4 223
223 5 112
224 0 223
224 1 224
224 2 225
224 3 212
224 4 224
224 5 113
225 0 222
225 1 225
225 2 225
225 3 226
225 4 225
225 5 114
226 0 221
226 1 226
226 2 180
226 3 226
226 4 227
226 5 115
227 0 220
227 1 227
227 2 150
227 3 227
227 4 227
227 5 116
228 0 228
228 1 235
228 2 230
228 3 188
228 4 228
228 5 117
229 0 230
229 1 214
229 2 229
229 3 231
229 4 229
229 5 118
230 0 230
230 1 222
230 2 230
230 3 232
230 4 230
230 5 119
231 0 232
231 1 216
231 2 191
231 3 231
231 4 233
231 5 120
232 0 232
232 1 221
232 2 192
232 3 232
232 4 234
232 5 121
233 0 234
233 1 218
233 2 161
233 3 233
233 4 233
233 5 122
234 0 234
234 1 220
234 2 162
234 3 234
234 4 234
234 5 123
235 0 235
235 1 235
235 2 236
235 3 193
235 4 235
235 5 124
236 0 236
236 1 222
236 2 236
236 3 237
236 4 236
236 5 125
237 0 237
237 1 221
237 2 195
237 3 237
237 4 238
237 5 126
238 0 238
238 1 220
238 2 165
238 3 238
238 4 238
238 5 127
239 0 235
239 1 239
239 2 240
239 3 196
239 4 239
239 5 128
240 0 236
240 1 225
240 2 240
240 3 241
240 4 240
240 5 129
241 0 237
241 1 226
241 2 198
241 3 241
241 4 242
241 5 130
242 0 238
242 1 227
242 2 168
242 3 242
242 4 242
242 5 131
243 0 243
243 1 339
243 2 286
243 3 243
243 4 247
243 5 243
244 0 325
244 1 244
244 2 326
244 3 244
244 4 248
244 5 244
245 0 286
245 1 287
245 2 245
245 3 288
245 4 249
245 5 245
246 0 247
246 1 248
246 2 249
246 3 135
246 4 246
246 5 250
247 0 247
247 1 284
247 2 270
247 3 136
247 4 247
247 5 251
248 0 279
248 1 248
248 2 280
248 3 137
248 4 248
248 5 252
249 0 270
249 1 271
249 2 249
249 3 141
249 4 249
249 5 253
250 0 251
250 1 252
250 2 253
250 3 24
250 4 250
250 5 250
251 0 251
251 1 268
251 2 254
251 3 25
251 4 251
251 5 251
252 0 263
252 1 252
252 2 264
252 3 26
252 4 252
252 5 252
253 0 254
253 1 255
253 2 253
253 3 30
253 4 253
253 5 253
254 0 254
254 1 261
254 2 254
254 3 31
254 4 254
254 5 254
255 0 256
255 1 255
255 2 257
255 3 32
255 4 255
255 5 255
256 0 256
256 1 260
256 2 258
256 3 33
256 4 256
256 5 256
257 0 258
257 1 257
257 2 257
257 3 34
257 4 257
257 5 257
258 0 258
258 1 259
258 2 258
258 3 35
258 4 258
258 5 258
259 0 259
259 1 259
259 2 259
259 3 36
259 4 259
259 5 259
260 0 260
260 1 260
260 2 259
260 3 37
260 4 260
260 5 260
261 0 260
261 1 261
261 2 262
261 3 38
261 4 261
261 5 261
262 0 259
262 1 262
262 2 262
262 3 39
262 4 262
262 5 262
263 0 263
263 1 266
263 2 265
263 3 47
263 4 263
263 5 263
264 0 265
264 1 257
264 2 264
264 3 50
264 4 264
264 5 264
265 0 265
265 1 259
265 2 265
265 3 51
265 4 265
265 5 265
266 0 266
266 1 266
266 2 267
266 3 52
266 4 266
266 5 266
267 0 267
267 1 259
267 2 267
267 3 54
267 4 267
267 5 267
268 0 266
268 1 268
268 2 269
268 3 55
268 4 268
268 5 268
269 0 267
269 1 262
269 2 269
269 3 57
269 4 269
269 5 269
270 0 270
270 1 277
270 2 270
270 3 142
270 4 270
270 5 254
271 0 272
271 1 271
271 2 273
271 3 143
271 4 271
271 5 255
272 0 272
272 1 276
272 2 274
272 3 144
272 4 272
272 5 256
273 0 274
273 1 273
273 2 273
273 3 145
273 4 273
273 5 257
274 0 274
274 1 275
274 2 274
274 3 146
274 4 274
274 5 258
275 0 275
275 1 275
275 2 275
275 3 147
275 4 275
275 5 259
276 0 276
276 1 276
276 2 275
276 3 148
276 4 276
276 5 260
277 0 276
277 1 277
277 2 278
277 3 149
277 4 277
277 5 261
278 0 275
278 1 278
278 2 278
278 3 150
278 4 278
278 5 262
279 0 279
279 1 282
279 2 281
279 3 158
279 4 279
279 5 263
280 0 281
280 1 273
280 2 280
280 3 161
280 4 280
280 5 264
281 0 281
281 1 275
281 2 281
281 3 162
281 4 281
281 5 265
282 0 282
282 1 282
282 2 283
282 3 163
282 4 282
282 5 266
283 0 283
283 1 275
283 2 283
283 3 165
283 4 283
283 5 267
284 0 282
284 1 284
284 2 285
284 3 166
284 4 284
284 5 268
285 0 283
285 1 278
285 2 285
285 3 168
285 4 285
285 5 269
286 0 286
286 1 323
286 2 286
286 3 289
286 4 270
286 5 286
287 0 318
287 1 287
287 2 319
287 3 290
287 4 271
287 5 287
288 0 289
288 1 290
288 2 288
288 3 288
288 4 291
288 5 288
289 0 289
289 1 316
289 2 289
289 3 289
289 4 292
289 5 289
290 0 311
290 1 290
290 2 312
290 3 290
290 4 293
290 5 290
291 0 292
291 1 293
291 2 291
291 3 141
291 4 291
291 5 294
292 0 292
292 1 309
292 2 292
292 3 142
292 4 292
292 5 295
293 0 304
293 1 293
293 2 305
293 3 143
293 4 293
293 5 296
294 0 295
294 1 296
294 2 294
294 3 30
294 4 294
294 5 294
295 0 295
295 1 302
295 2 295
295 3 31
295 4 295
295 5 295
296 0 297
296 1 296
296 2 298
296 3 32
296 4 296
296 5 296
297 0 297
297 1 301
297 2 299
297 3 33
297 4 297
297 5 297
298 0 299
298 1 298
298 2 298
298 3 34
298 4 298
298 5 298
299 0 299
299 1 300
299 2 299
299 3 35
299 4 299
299 5 299
300 0 300
300 1 300
300 2 300
300 3 36
300 4 300
300 5 300
301 0 301
301 1 301
301 2 300
301 3 37
301 4 301
301 5 301
302 0 301
302 1 302
302 2 303
302 3 38
302 4 302
302 5 302
303 0 300
303 1 303
303 2 303
303 3 39
303 4 303
303 5 303
304 0 304
304 1 308
304 2 306
304 3 144
304 4 304
304 5 297
305 0 306
305 1 305
305 2 305
305 3 145
305 4 305
305 5 298
306 0 306
306 1 307
306 2 306
306 3 146
306 4 306
306 5 299
307 0 307
307 1 307
307 2 307
307 3 147
307 4 307
307 5 300
308 0 308
308 1 308
308 2 307
308 3 148
308 4 308
308 5 301
309 0 308
309 1 309
309 2 310
309 3 149
309 4 309
309 5 302
310 0 307
310 1 310
310 2 310
310 3 150
310 4 310
310 5 303
311 0 311
311 1 315
311 2 313
311 3 311
311 4 304
311 5 311
312 0 313
312 1 312
312 2 312
312 3 312
312 4 305
312 5 312
313 0 313
313 1 314
313 2 313
313 3 313
313 4 306
313 5 313
314 0 314
314 1 314
314 2 314
314 3 314
314 4 307
314 5 314
315 0 315
315 1 315
315 2 314
315 3 315
315 4 308
315 5 315
316 0 315
316 1 316
316 2 317
316 3 316
316 4 309
316 5 316
317 0 314
317 1 317
317 2 317
317 3 317
317 4 310
317 5 317
318 0 318
318 1 322
318 2 320
318 3 311
318 4 272
318 5 318
319 0 320
319 1 319
319 2 319
319 3 312
319 4 273
319 5 319
320 0 320
320 1 321
320 2 320
320 3 313
320 4 274
320 5 320
321 0 321
321 1 321
321 2 321
321 3 314
321 4 275
321 5 321
322 0 322
322 1 322
322 2 321
322 3 315
322 4 276
322 5 322
323 0 322
323 1 323
323 2 324
323 3 316
323 4 277
323 5 323
324 0 321
324 1 324
324 2 324
324 3 317
324 4 278
324 5 324
325 0 325
325 1 334
325 2 327
325 3 325
325 4 279
325 5 325
326 0 327
326 1 319
326 2 326
326 3 328
326 4 280
326 5 326
327 0 327
327 1 321
327 2 327
327 3 329
327 4 281
327 5 327
328 0 329
328 1 312
328 2 328
328 3 328
328 4 330
328 5 328
329 0 329
329 1 314
329 2 329
329 3 329
329 4 331
329 5 329
330 0 331
330 1 305
330 2 330
330 3 161
330 4 330
330 5 332
331 0 331
331 1 307
331 2 331
331 3 162
331 4 331
331 5 333
332 0 333
332 1 298
332 2 332
332 3 50
332 4 332
332 5 332
333 0 333
333 1 300
333 2 333
333 3 51
333 4 333
333 5 333
334 0 334
334 1 334
334 2 335
334 3 334
334 4 282
334 5 334
335 0 335
335 1 321
335 2 335
335 3 336
335 4 283
335 5 335
336 0 336
336 1 314
336 2 336
336 3 336
336 4 337
336 5 336
337 0 337
337 1 307
337 2 337
337 3 165
337 4 337
337 5 338
338 0 338
338 1 300
338 2 338
338 3 54
338 4 338
338 5 338
339 0 334
339 1 339
339 2 340
339 3 339
339 4 284
339 5 339
340 0 335
340 1 324
340 2 340
340 3 341
340 4 285
340 5 340
341 0 336
341 1 317
341 2 341
341 3 341
341 4 342
341 5 341
342 0 337
342 1 310
342 2 342
342 3 168
342 4 342
342 5 343
343 0 338
343 1 303
343 2 343
343 3 57
343 4 343
343 5 343
344 0 344
344 1 378
344 2 344
344 3 347
344 4 199
344 5 344
345 0 364
345 1 345
345 2 365
345 3 348
345 4 200
345 5 345
346 0 347
346 1 348
346 2 288
346 3 346
346 4 349
346 5 346
347 0 347
347 1 363
347 2 289
347 3 347
347 4 350
347 5 347
348 0 361
348 1 348
348 2 312
348 3 348
348 4 351
348 5 348
349 0 350
349 1 351
349 2 291
349 3 204
349 4 349
349 5 352
350 0 350
350 1 360
350 2 292
350 3 205
350 4 350
350 5 353
351 0 358
351 1 351
351 2 305
351 3 206
351 4 351
351 5 354
352 0 353
352 1 354
352 2 294
352 3 93
352 4 352
352 5 352
353 0 353
353 1 357
353 2 295
353 3 94
353 4 353
353 5 353
354 0 355
354 1 354
354 2 298
354 3 95
354 4 354
354 5 354
355 0 355
355 1 356
355 2 299
355 3 96
355 4 355
355 5 355
356 0 356
356 1 356
356 2 300
356 3 97
356 4 356
356 5 356
357 0 356
357 1 357
357 2 303
357 3 98
357 4 357
357 5 357
358 0 358
358 1 359
358 2 306
358 3 207
358 4 358
358 5 355
359 0 359
359 1 359
359 2 307
359 3 208
359 4 359
359 5 356
360 0 359
360 1 360
360 2 310
360 3 209
360 4 360
360 5 357
361 0 361
361 1 362
361 2 313
361 3 361
361 4 358
361 5 361
362 0 362
362 1 362
362 2 314
362 3 362
362 4 359
362 5 362
363 0 362
363 1 363
363 2 317
363 3 363
363 4 360
363 5 363
364 0 364
364 1 377
364 2 366
364 3 361
364 4 213
364 5 364
365 0 366
365 1 365
365 2 365
365 3 367
365 4 214
365 5 365
366 0 366
366 1 376
366 2 366
366 3 368
366 4 215
366 5 366
367 0 368
367 1 367
367 2 312
367 3 367
367 4 369
367 5 367
368 0 368
368 1 375
368 2 313
368 3 368
368 4 370
368 5 368
369 0 370
369 1 369
369 2 305
369 3 218
369 4 369
369 5 371
370 0 370
370 1 374
370 2 306
370 3 219
370 4 370
370 5 372
371 0 372
371 1 371
371 2 298
371 3 107
371 4 371
371 5 371
372 0 372
372 1 373
372 2 299
372 3 108
372 4 372
372 5 372
373 0 373
373 1 373
373 2 300
373 3 109
373 4 373
373 5 373
374 0 374
374 1 374
374 2 307
374 3 220
374 4 374
374 5 373
375 0 375
375 1 375
375 2 314
375 3 375
375 4 374
375 5 375
376 0 376
376 1 376
376 2 376
376 3 375
376 4 222
376 5 376
377 0 377
377 1 377
377 2 376
377 3 362
377 4 223
377 5 377
378 0 377
378 1 378
378 2 379
378 3 363
378 4 224
378 5 378
379 0 376
379 1 379
379 2 379
379 3 380
379 4 225
379 5 379
380 0 375
380 1 380
380 2 317
380 3 380
380 4 381
380 5 380
381 0 374
381 1 381
381 2 310
381 3 227
381 4 381
381 5 382
382 0 373
382 1 382
382 2 303
382 3 116
382 4 382
382 5 382
383 0 383
383 1 392
383 2 385
383 3 325
383 4 228
383 5 383
384 0 385
384 1 365
384 2 384
384 3 386
384 4 229
384 5 384
385 0 385
385 1 376
385 2 385
385 3 387
385 4 230
385 5 385
386 0 387
386 1 367
386 2 328
386 3 386
386 4 388
386 5 386
387 0 387
387 1 375
387 2 329
387 3 387
387 4 389
387 5 387
388 0 389
388 1 369
388 2 330
388 3 233
388 4 388
388 5 390
389 0 389
389 1 374
389 2 331
389 3 234
389 4 389
389 5 391
390 0 391
390 1 371
390 2 332
390 3 122
390 4 390
390 5 390
391 0 391
391 1 373
391 2 333
391 3 123
391 4 391
391 5 391
392 0 392
392 1 392
392 2 393
392 3 334
392 4 235
392 5 392
393 0 393
393 1 376
393 2 393
393 3 394
393 4 236
393 5 393
394 0 394
394 1 375
394 2 336
394 3 394
394 4 395
394 5 394
395 0 395
395 1 374
395 2 337
395 3 238
395 4 395
395 5 396
396 0 396
396 1 373
396 2 338
396 3 127
396 4 396
396 5 396
397 0 392
397 1 397
397 2 398
397 3 339
397 4 239
397 5 397
398 0 393
398 1 379
398 2 398
398 3 399
398 4 240
398 5 398
399 0 394
399 1 380
399 2 341
399 3 399
399 4 400
399 5 399
400 0 395
400 1 381
400 2 342
400 3 242
400 4 400
400 5 401
401 0 396
401 1 382
401 2 343
401 3 131
401 4 401
401 5 401
402 0 402
402 1 628
402 2 575
402 3 474
402 4 402
402 5 407
403 0 614
403 1 403
403 2 615
403 3 475
403 4 403
403 5 408
404 0 575
404 1 576
404 2 404
404 3 577
404 4 404
404 5 409
405 0 474
405 1 475
405 2 476
405 3 405
405 4 477
405 5 410
406 0 407
406 1 408
406 2 409
406 3 410
406 4 16
406 5 406
407 0 407
407 1 471
407 2 444
407 3 411
407 4 17
407 5 407
408 0 463
408 1 408
408 2 464
408 3 412
408 4 18
408 5 408
409 0 444
409 1 445
409 2 409
409 3 446
409 4 19
409 5 409
410 0 411
410 1 412
410 2 413
410 3 410
410 4 24
410 5 410
411 0 411
411 1 441
411 2 414
411 3 411
411 4 25
411 5 411
412 0 433
412 1 412
412 2 434
412 3 412
412 4 26
412 5 412
413 0 414
413 1 415
413 2 413
413 3 416
413 4 27
413 5 413
414 0 414
414 1 431
414 2 414
414 3 417
414 4 28
414 5 414
415 0 426
415 1 415
415 2 427
415 3 418
415 4 29
415 5 415
416 0 417
416 1 418
416 2 416
416 3 416
416 4 30
416 5 416
417 0 417
417 1 424
417 2 417
417 3 417
417 4 31
417 5 417
418 0 419
418 1 418
418 2 420
418 3 418
418 4 32
418 5 418
419 0 419
419 1 423
419 2 421
419 3 419
419 4 33
419 5 419
420 0 421
420 1 420
420 2 420
420 3 420
420 4 34
420 5 420
421 0 421
421 1 422
421 2 421
421 3 421
421 4 35
421 5 421
422 0 422
422 1 422
422 2 422
422 3 422
422 4 36
422 5 422
423 0 423
423 1 423
423 2 422
423 3 423
423 4 37
423 5 423
424 0 423
424 1 424
424 2 425
424 3 424
424 4 38
424 5 424
425 0 422
425 1 425
425 2 425
425 3 425
425 4 39
425 5 425
426 0 426
426 1 430
426 2 428
426 3 419
426 4 40
426 5 426
427 0 428
427 1 427
427 2 427
427 3 420
427 4 41
427 5 427
428 0 428
428 1 429
428 2 428
428 3 421
428 4 42
428 5 428
429 0 429
429 1 429
429 2 429
429 3 422
429 4 43
429 5 429
430 0 430
430 1 430
430 2 429
430 3 423
430 4 44
430 5 430
431 0 430
431 1 431
431 2 432
431 3 424
431 4 45
431 5 431
432 0 429
432 1 432
432 2 432
432 3 425
432 4 46
432 5 432
433 0 433
433 1 438
433 2 435
433 3 433
433 4 47
433 5 433
434 0 435
434 1 427
434 2 434
434 3 436
434 4 48
434 5 434
435 0 435
435 1 429
435 2 435
435 3 437
435 4 49
435 5 435
436 0 437
436 1 420
436 2 436
436 3 436
436 4 50
436 5 436
437 0 437
437 1 422
437 2 437
437 3 437
437 4 51
437 5 437
438 0 438
438 1 438
438 2 439
438 3 438
438 4 52
438 5 438
439 0 439
439 1 429
439 2 439
439 3 440
439 4 53
439 5 439
440 0 440
440 1 422
440 2 440
440 3 440
440 4 54
440 5 440
441 0 438
441 1 441
441 2 442
441 3 441
441 4 55
441 5 441
442 0 439
442 1 432
442 2 442
442 3 443
442 4 56
442 5 442
443 0 440
443 1 425
443 2 443
443 3 443
443 4 57
443 5 443
444 0 444
444 1 460
444 2 444
444 3 447
444 4 88
444 5 444
445 0 452
445 1 445
445 2 453
445 3 448
445 4 89
445 5 445
446 0 447
446 1 448
446 2 416
446 3 446
446 4 93
446 5 446
447 0 447
447 1 451
447 2 417
447 3 447
447 4 94
447 5 447
448 0 449
448 1 448
448 2 420
448 3 448
448 4 95
448 5 448
449 0 449
449 1 450
449 2 421
449 3 449
449 4 96
449 5 449
450 0 450
450 1 450
450 2 422
450 3 450
450 4 97
450 5 450
451 0 450
451 1 451
451 2 425
451 3 451
451 4 98
451 5 451
452 0 452
452 1 459
452 2 454
452 3 449
452 4 102
452 5 452
453 0 454
453 1 453
453 2 453
453 3 455
453 4 103
453 5 453
454 0 454
454 1 458
454 2 454
454 3 456
454 4 104
454 5 454
455 0 456
455 1 455
455 2 420
455 3 455
455 4 107
455 5 455
456 0 456
456 1 457
456 2 421
456 3 456
456 4 108
456 5 456
457 0 457
457 1 457
457 2 422
457 3 457
457 4 109
457 5 457
458 0 458
458 1 458
458 2 458
458 3 457
458 4 111
458 5 458
459 0 459
459 1 459
459 2 458
459 3 450
459 4 112
459 5 459
460 0 459
460 1 460
460 2 461
460 3 451
460 4 113
460 5 460
461 0 458
461 1 461
461 2 461
461 3 462
461 4 114
461 5 461
462 0 457
462 1 462
462 2 425
462 3 462
462 4 116
462 5 462
463 0 463
463 1 468
463 2 465
463 3 433
463 4 117
463 5 463
464 0 465
464 1 453
464 2 464
464 3 466
464 4 118
464 5 464
465 0 465
465 1 458
465 2 465
465 3 467
465 4 119
465 5 465
466 0 467
466 1 455
466 2 436
466 3 466
466 4 122
466 5 466
467 0 467
467 1 457
467 2 437
467 3 467
467 4 123
467 5 467
468 0 468
468 1 468
468 2 469
468 3 438
468 4 124
468 5 468
469 0 469
469 1 458
469 2 469
469 3 470
469 4 125
469 5 469
470 0 470
470 1 457
470 2 440
470 3 470
470 4 127
470 5 470
471 0 468
471 1 471
471 2 472
471 3 441
471 4 128
471 5 471
472 0 469
472 1 461
472 2 472
472 3 473
472 4 129
472 5 472
473 0 470
473 1 462
473 2 443
473 3 473
473 4 131
473 5 473
474 0 474
474 1 572
474 2 545
474 3 474
474 4 478
474 5 411
475 0 564
475 1 475
475 2 565
475 3 475
475 4 479
475 5 412
476 0 545
476 1 546
476 2 476
476 3 547
476 4 480
476 5 413
477 0 478
477 1 479
477 2 480
477 3 477
477 4 477
477 5 481
478 0 478
478 1 542
478 2 515
478 3 478
478 4 478
478 5 482
479 0 534
479 1 479
479 2 535
479 3 479
479 4 479
479 5 483
480 0 515
480 1 516
480 2 480
480 3 517
480 4 480
480 5 484
481 0 482
481 1 483
481 2 484
481 3 481
481 4 24
481 5 481
482 0 482
482 1 512
482 2 485
482 3 482
482 4 25
482 5 482
483 0 504
483 1 483
483 2 505
483 3 483
483 4 26
483 5 483
484 0 485
484 1 486
484 2 484
484 3 487
484 4 27
484 5 484
485 0 485
485 1 502
485 2 485
485 3 488
485 4 28
485 5 485
486 0 497
486 1 486
486 2 498
486 3 489
486 4 29
486 5 486
487 0 488
487 1 489
487 2 487
487 3 487
487 4 30
487 5 487
488 0 488
488 1 495
488 2 488
488 3 488
488 4 31
488 5 488
489 0 490
489 1 489
489 2 491
489 3 489
489 4 32
489 5 489
490 0 490
490 1 494
490 2 492
490 3 490
490 4 33
490 5 490
491 0 492
491 1 491
491 2 491
491 3 491
491 4 34
491 5 491
492 0 492
492 1 493
492 2 492
492 3 492
492 4 35
492 5 492
493 0 493
493 1 493
493 2 493
493 3 493
493 4 36
493 5 493
494 0 494
494 1 494
494 2 493
494 3 494
494 4 37
494 5 494
495 0 494
495 1 495
495 2 496
495 3 495
495 4 38
495 5 495
496 0 493
496 1 496
496 2 496
496 3 496
496 4 39
496 5 496
497 0 497
497 1 501
497 2 499
497 3 490
497 4 40
497 5 497
498 0 499
498 1 498
498 2 498
498 3 491
498 4 41
498 5 498
499 0 499
499 1 500
499 2 499
499 3 492
499 4 42
499 5 499
500 0 500
500 1 500
500 2 500
500 3 493
500 4 43
500 5 500
501 0 501
501 1 501
501 2 500
501 3 494
501 4 44
501 5 501
502 0 501
502 1 502
502 2 503
502 3 495
502 4 45
502 5 502
503 0 500
503 1 503
503 2 503
503 3 496
503 4 46
503 5 503
504 0 504
504 1 509
504 2 506
504 3 504
504 4 47
504 5 504
505 0 506
505 1 498
505 2 505
505 3 507
505 4 48
505 5 505
506 0 506
506 1 500
506 2 506
506 3 508
506 4 49
506 5 506
507 0 508
507 1 491
507 2 507
507 3 507
507 4 50
507 5 507
508 0 508
508 1 493
508 2 508
508 3 508
508 4 51
508 5 508
509 0 509
509 1 509
509 2 510
509 3 509
509 4 52
509 5 509
510 0 510
510 1 500
510 2 510
510 3 511
510 4 53
510 5 510
511 0 511
511 1 493
511 2 511
511 3 511
511 4 54
511 5 511
512 0 509
512 1 512
512 2 513
512 3 512
512 4 55
512 5 512
513 0 510
513 1 503
513 2 513
513 3 514
513 4 56
513 5 513
514 0 511
514 1 496
514 2 514
514 3 514
514 4 57
514 5 514
515 0 515
515 1 532
515 2 515
515 3 518
515 4 515
515 5 485
516 0 527
516 1 516
516 2 528
516 3 519
516 4 516
516 5 486
517 0 518
517 1 519
517 2 517
517 3 517
517 4 517
517 5 487
518 0 518
518 1 525
518 2 518
518 3 518
518 4 518
518 5 488
519 0 520
519 1 519
519 2 521
519 3 519
519 4 519
519 5 489
520 0 520
520 1 524
520 2 522
520 3 520
520 4 520
520 5 490
521 0 522
521 1 521
521 2 521
521 3 521
521 4 521
521 5 491
522 0 522
522 1 523
522 2 522
522 3 522
522 4 522
522 5 492
523 0 523
523 1 523
523 2 523
523 3 523
523 4 523
523 5 493
524 0 524
524 1 524
524 2 523
524 3 524
524 4 524
524 5 494
525 0 524
525 1 525
525 2 526
525 3 525
525 4 525
525 5 495
526 0 523
526 1 526
526 2 526
526 3 526
526 4 526
526 5 496
527 0 527
527 1 531
527 2 529
527 3 520
527 4 527
527 5 497
528 0 529
528 1 528
528 2 528
528 3 521
528 4 528
528 5 498
529 0 529
529 1 530
529 2 529
529 3 522
529 4 529
529 5 499
530 0 530
530 1 530
530 2 530
530 3 523
530 4 530
530 5 500
531 0 531
531 1 531
531 2 530
531 3 524
531 4 531
531 5 501
532 0 531
532 1 532
532 2 533
532 3 525
532 4 532
532 5 502
533 0 530
533 1 533
533 2 533
533 3 526
533 4 533
533 5 503
534 0 534
534 1 539
534 2 536
534 3 534
534 4 534
534 5 504
535 0 536
535 1 528
535 2 535
535 3 537
535 4 535
535 5 505
536 0 536
536 1 530
536 2 536
536 3 538
536 4 536
536 5 506
537 0 538
537 1 521
537 2 537
537 3 537
537 4 537
537 5 507
538 0 538
538 1 523
538 2 538
538 3 538
538 4 538
538 5 508
539 0 539
539 1 539
539 2 540
539 3 539
539 4 539
539 5 509
540 0 540
540 1 530
540 2 540
540 3 541
540 4 540
540 5 510
541 0 541
541 1 523
541 2 541
541 3 541
541 4 541
541 5 511
542 0 539
542 1 542
542 2 543
542 3 542
542 4 542
542 5 512
543 0 540
543 1 533
543 2 543
543 3 544
543 4 543
543 5 513
544 0 541
544 1 526
544 2 544
544 3 544
544 4 544
544 5 514
545 0 545
545 1 562
545 2 545
545 3 548
545 4 515
545 5 414
546 0 557
546 1 546
546 2 558
546 3 549
546 4 516
546 5 415
547 0 548
547 1 549
547 2 547
547 3 547
547 4 517
547 5 416
548 0 548
548 1 555
548 2 548
548 3 548
548 4 518
548 5 417
549 0 550
549 1 549
549 2 551
549 3 549
549 4 519
549 5 418
550 0 550
550 1 554
550 2 552
550 3 550
550 4 520
550 5 419
551 0 552
551 1 551
551 2 551
551 3 551
551 4 521
551 5 420
552 0 552
552 1 553
552 2 552
552 3 552
552 4 522
552 5 421
553 0 553
553 1 553
553 2 553
553 3 553
553 4 523
553 5 422
554 0 554
554 1 554
554 2 553
554 3 554
554 4 524
554 5 423
555 0 554
555 1 555
555 2 556
555 3 555
555 4 525
555 5 424
556 0 553
556 1 556
556 2 556
556 3 556
556 4 526
556 5 425
557 0 557
557 1 561
557 2 559
557 3 550
557 4 527
557 5 426
558 0 559
558 1 558
558 2 558
558 3 551
558 4 528
558 5 427
559 0 559
559 1 560
559 2 559
559 3 552
559 4 529
559 5 428
560 0 560
560 1 560
560 2 560
560 3 553
560 4 530
560 5 429
561 0 561
561 1 561
561 2 560
561 3 554
561 4 531
561 5 430
562 0 561
562 1 562
562 2 563
562 3 555
562 4 532
562 5 431
563 0 560
563 1 563
563 2 563
563 3 556
563 4 533
563 5 432
564 0 564
564 1 569
564 2 566
564 3 564
564 4 534
564 5 433
565 0 566
565 1 558
565 2 565
565 3 567
565 4 535
565 5 434
566 0 566
566 1 560
566 2 566
566 3 568
566 4 536
566 5 435
567 0 568
567 1 551
567 2 567
567 3 567
567 4 537
567 5 436
568 0 568
568 1 553
568 2 568
568 3 568
568 4 538
568 5 437
569 0 569
569 1 569
569 2 570
569 3 569
569 4 539
569 5 438
570 0 570
570 1 560
570 2 570
570 3 571
570 4 540
570 5 439
571 0 571
571 1 553
571 2 571
571 3 571
571 4 541
571 5 440
572 0 569
572 1 572
572 2 573
572 3 572
572 4 542
572 5 441
573 0 570
573 1 563
573 2 573
573 3 574
573 4 543
573 5 442
574 0 571
574 1 556
574 2 574
574 3 574
574 4 544
574 5 443
575 0 575
575 1 609
575 2 575
575 3 578
575 4 575
575 5 444
576 0 595
576 1 576
576 2 596
576 3 579
576 4 576
576 5 445
577 0 578
577 1 579
577 2 547
577 3 577
577 4 580
577 5 446
578 0 578
578 1 594
578 2 548
578 3 578
578 4 581
578 5 447
579 0 592
579 1 579
579 2 551
579 3 579
579 4 582
579 5 448
580 0 581
580 1 582
580 2 517
580 3 580
580 4 580
580 5 583
581 0 581
581 1 591
581 2 518
581 3 581
581 4 581
581 5 584
582 0 589
582 1 582
582 2 521
582 3 582
582 4 582
582 5 585
583 0 584
583 1 585
583 2 487
583 3 583
583 4 93
583 5 583
584 0 584
584 1 588
584 2 488
584 3 584
584 4 94
584 5 584
585 0 586
585 1 585
585 2 491
585 3 585
585 4 95
585 5 585
586 0 586
586 1 587
586 2 492
586 3 586
586 4 96
586 5 586
587 0 587
587 1 587
587 2 493
587 3 587
587 4 97
587 5 587
588 0 587
588 1 588
588 2 496
588 3 588
588 4 98
588 5 588
589 0 589
589 1 590
589 2 522
589 3 589
589 4 589
589 5 586
590 0 590
590 1 590
590 2 523
590 3 590
590 4 590
590 5 587
591 0 590
591 1 591
591 2 526
591 3 591
591 4 591
591 5 588
592 0 592
592 1 593
592 2 552
592 3 592
592 4 589
592 5 449
593 0 593
593 1 593
593 2 553
593 3 593
593 4 590
593 5 450
594 0 593
594 1 594
594 2 556
594 3 594
594 4 591
594 5 451
595 0 595
595 1 608
595 2 597
595 3 592
595 4 595
595 5 452
596 0 597
596 1 596
596 2 596
596 3 598
596 4 596
596 5 453
597 0 597
597 1 607
597 2 597
597 3 599
597 4 597
597 5 454
598 0 599
598 1 598
598 2 551
598 3 598
598 4 600
598 5 455
599 0 599
599 1 606
599 2 552
599 3 599
599 4 601
599 5 456
600 0 601
600 1 600
600 2 521
600 3 600
600 4 600
600 5 602
601 0 601
601 1 605
601 2 522
601 3 601
601 4 601
601 5 603
602 0 603
602 1 602
602 2 491
602 3 602
602 4 107
602 5 602
603 0 603
603 1 604
603 2 492
603 3 603
603 4 108
603 5 603
604 0 604
604 1 604
604 2 493
604 3 604
604 4 109
604 5 604
605 0 605
605 1 605
605 2 523
605 3 605
605 4 605
605 5 604
606 0 606
606 1 606
606 2 553
606 3 606
606 4 605
606 5 457
607 0 607
607 1 607
607 2 607
607 3 606
607 4 607
607 5 458
608 0 608
608 1 608
608 2 607
608 3 593
608 4 608
608 5 459
609 0 608
609 1 609
609 2 610
609 3 594
609 4 609
609 5 460
610 0 607
610 1 610
610 2 610
610 3 611
610 4 610
610 5 461
611 0 606
611 1 611
611 2 556
611 3 611
611 4 612
611 5 462
612 0 605
612 1 612
612 2 526
612 3 612
612 4 612
612 5 613
613 0 604
613 1 613
613 2 496
613 3 613
613 4 116
613 5 613
614 0 614
614 1 623
614 2 616
614 3 564
614 4 614
614 5 463
615 0 616
615 1 596
615 2 615
615 3 617
615 4 615
615 5 464
616 0 616
616 1 607
616 2 616
616 3 618
616 4 616
616 5 465
617 0 618
617 1 598
617 2 567
617 3 617
617 4 619
617 5 466
618 0 618
618 1 606
618 2 568
618 3 618
618 4 620
618 5 467
619 0 620
619 1 600
619 2 537
619 3 619
619 4 619
619 5 621
620 0 620
620 1 605
620 2 538
620 3 620
620 4 620
620 5 622
621 0 622
621 1 602
621 2 507
621 3 621
621 4 122
621 5 621
622 0 622
622 1 604
622 2 508
622 3 622
622 4 123
622 5 622
623 0 623
623 1 623
623 2 624
623 3 569
623 4 623
623 5 468
624 0 624
624 1 607
624 2 624
624 3 625
624 4 624
624 5 469
625 0 625
625 1 606
625 2 571
625 3 625
625 4 626
625 5 470
626 0 626
626 1 605
626 2 541
626 3 626
626 4 626
626 5 627
627 0 627
627 1 604
627 2 511
627 3 627
627 4 127
627 5 627
628 0 623
628 1 628
628 2 629
628 3 572
628 4 628
628 5 471
629 0 624
629 1 610
629 2 629
629 3 630
629 4 629
629 5 472
630 0 625
630 1 611
630 2 574
630 3 630
630 4 631
630 5 473
631 0 626
631 1 612
631 2 544
631 3 631
631 4 631
631 5 632
632 0 627
632 1 613
632 2 514
632 3 632
632 4 131
632 5 632
633 0 633
633 1 729
633 2 676
633 3 633
633 4 637
633 5 243
634 0 715
634 1 634
634 2 716
634 3 634
634 4 638
634 5 244
635 0 676
635 1 677
635 2 635
635 3 678
635 4 639
635 5 245
636 0 637
636 1 638
636 2 639
636 3 477
636 4 636
636 5 640
637 0 637
637 1 674
637 2 660
637 3 478
637 4 637
637 5 641
638 0 669
638 1 638
638 2 670
638 3 479
638 4 638
638 5 642
639 0 660
639 1 661
639 2 639
639 3 517
639 4 639
639 5 643
640 0 641
640 1 642
640 2 643
640 3 481
640 4 250
640 5 640
641 0 641
641 1 658
641 2 644
641 3 482
641 4 251
641 5 641
642 0 653
642 1 642
642 2 654
642 3 483
642 4 252
642 5 642
643 0 644
643 1 645
643 2 643
643 3 487
643 4 253
643 5 643
644 0 644
644 1 651
644 2 644
644 3 488
644 4 254
644 5 644
645 0 646
645 1 645
645 2 647
645 3 489
645 4 255
645 5 645
646 0 646
646 1 650
646 2 648
646 3 490
646 4 256
646 5 646
647 0 648
647 1 647
647 2 647
647 3 491
647 4 257
647 5 647
648 0 648
648 1 649
648 2 648
648 3 492
648 4 258
648 5 648
649 0 649
649 1 649
649 2 649
649 3 493
649 4 259
649 5 649
650 0 650
650 1 650
650 2 649
650 3 494
650 4 260
650 5 650
651 0 650
651 1 651
651 2 652
651 3 495
651 4 261
651 5 651
652 0 649
652 1 652
652 2 652
652 3 496
652 4 262
652 5 652
653 0 653
653 1 656
653 2 655
653 3 504
653 4 263
653 5 653
654 0 655
654 1 647
654 2 654
654 3 507
654 4 264
654 5 654
655 0 655
655 1 649
655 2 655
655 3 508
655 4 265
655 5 655
656 0 656
656 1 656
656 2 657
656 3 509
656 4 266
656 5 656
657 0 657
657 1 649
657 2 657
657 3 511
657 4 267
657 5 657
658 0 656
658 1 658
658 2 659
658 3 512
658 4 268
658 5 658
659 0 657
659 1 652
659 2 659
659 3 514
659 4 269
659 5 659
660 0 660
660 1 667
660 2 660
660 3 518
660 4 660
660 5 644
661 0 662
661 1 661
661 2 663
661 3 519
661 4 661
661 5 645
662 0 662
662 1 666
662 2 664
662 3 520
662 4 662
662 5 646
663 0 664
663 1 663
663 2 663
663 3 521
663 4 663
663 5 647
664 0 664
664 1 665
664 2 664
664 3 522
664 4 664
664 5 648
665 0 665
665 1 665
665 2 665
665 3 523
665 4 665
665 5 649
666 0 666
666 1 666
666 2 665
666 3 524
666 4 666
666 5 650
667 0 666
667 1 667
667 2 668
667 3 525
667 4 667
667 5 651
668 0 665
668 1 668
668 2 668
668 3 526
668 4 668
668 5 652
669 0 669
669 1 672
669 2 671
669 3 534
669 4 669
669 5 653
670 0 671
670 1 663
670 2 670
670 3 537
670 4 670
670 5 654
671 0 671
671 1 665
671 2 671
671 3 538
671 4 671
671 5 655
672 0 672
672 1 672
672 2 673
672 3 539
672 4 672
672 5 656
673 0 673
673 1 665
673 2 673
673 3 541
673 4 673
673 5 657
674 0 672
674 1 674
674 2 675
674 3 542
674 4 674
674 5 658
675 0 673
675 1 668
675 2 675
675 3 544
675 4 675
675 5 659
676 0 676
676 1 713
676 2 676
676 3 679
676 4 660
676 5 286
677 0 708
677 1 677
677 2 709
677 3 680
677 4 661
677 5 287
678 0 679
678 1 680
678 2 678
678 3 678
678 4 681
678 5 288
679 0 679
679 1 706
679 2 679
679 3 679
679 4 682
679 5 289
680 0 701
680 1 680
680 2 702
680 3 680
680 4 683
680 5 290
681 0 682
681 1 683
681 2 681
681 3 517
681 4 681
681 5 684
682 0 682
682 1 699
682 2 682
682 3 518
682 4 682
682 5 685
683 0 694
683 1 683
683 2 695
683 3 519
683 4 683
683 5 686
684 0 685
684 1 686
684 2 684
684 3 487
684 4 294
684 5 684
685 0 685
685 1 692
685 2 685
685 3 488
685 4 295
685 5 685
686 0 687
686 1 686
686 2 688
686 3 489
686 4 296
686 5 686
687 0 687
687 1 691
687 2 689
687 3 490
687 4 297
687 5 687
688 0 689
688 1 688
688 2 688
688 3 491
688 4 298
688 5 688
689 0 689
689 1 690
689 2 689
689 3 492
689 4 299
689 5 689
690 0 690
690 1 690
690 2 690
690 3 493
690 4 300
690 5 690
691 0 691
691 1 691
691 2 690
691 3 494
691 4 301
691 5 691
692 0 691
692 1 692
692 2 693
692 3 495
692 4 302
692 5 692
693 0 690
693 1 693
693 2 693
693 3 496
693 4 303
693 5 693
694 0 694
694 1 698
694 2 696
694 3 520
694 4 694
694 5 687
695 0 696
695 1 695
695 2 695
695 3 521
695 4 695
695 5 688
696 0 696
696 1 697
696 2 696
696 3 522
696 4 696
696 5 689
697 0 697
697 1 697
697 2 697
697 3 523
697 4 697
697 5 690
698 0 698
698 1 698
698 2 697
698 3 524
698 4 698
698 5 691
699 0 698
699 1 699
699 2 700
699 3 525
699 4 699
699 5 692
700 0 697
700 1 700
700 2 700
700 3 526
700 4 700
700 5 693
701 0 701
701 1 705
701 2 703
701 3 701
701 4 694
701 5 311
702 0 703
702 1 702
702 2 702
702 3 702
702 4 695
702 5 312
703 0 703
703 1 704
703 2 703
703 3 703
703 4 696
703 5 313
704 0 704
704 1 704
704 2 704
704 3 704
704 4 697
704 5 314
705 0 705
705 1 705
705 2 704
705 3 705
705 4 698
705 5 315
706 0 705
706 1 706
706 2 707
706 3 706
706 4 699
706 5 316
707 0 704
707 1 707
707 2 707
707 3 707
707 4 700
707 5 317
708 0 708
708 1 712
708 2 710
708 3 701
708 4 662
708 5 318
709 0 710
709 1 709
709 2 709
709 3 702
709 4 663
709 5 319
710 0 710
710 1 711
710 2 710
710 3 703
710 4 664
710 5 320
711 0 711
711 1 711
711 2 711
711 3 704
711 4 665
711 5 321
712 0 712
712 1 712
712 2 711
712 3 705
712 4 666
712 5 322
713 0 712
713 1 713
713 2 714
713 3 706
713 4 667
713 5 323
714 0 711
714 1 714
714 2 714
714 3 707
714 4 668
714 5 324
715 0 715
715 1 724
715 2 717
715 3 715
715 4 669
715 5 325
716 0 717
716 1 709
716 2 716
716 3 718
716 4 670
716 5 326
717 0 717
717 1 711
717 2 717
717 3 719
717 4 671
717 5 327
718 0 719
718 1 702
718 2 718
718 3 718
718 4 720
718 5 328
719 0 719
719 1 704
719 2 719
719 3 719
719 4 721
719 5 329
720 0 721
720 1 695
720 2 720
720 3 537
720 4 720
720 5 722
721 0 721
721 1 697
721 2 721
721 3 538
721 4 721
721 5 723
722 0 723
722 1 688
722 2 722
722 3 507
722 4 332
722 5 722
723 0 723
723 1 690
723 2 723
723 3 508
723 4 333
723 5 723
724 0 724
724 1 724
724 2 725
724 3 724
724 4 672
724 5 334
725 0 725
725 1 711
725 2 725
725 3 726
725 4 673
725 5 335
726 0 726
726 1 704
726 2 726
726 3 726
726 4 727
726 5 336
727 0 727
727 1 697
727 2 727
727 3 541
727 4 727
727 5 728
728 0 728
728 1 690
728 2 728
728 3 511
728 4 338
728 5 728
729 0 724
729 1 729
729 2 730
729 3 729
729 4 674
729 5 339
730 0 725
730 1 714
730 2 730
730 3 731
730 4 675
730 5 340
731 0 726
731 1 707
731 2 731
731 3 731
731 4 732
731 5 341
732 0 727
732 1 700
732 2 732
732 3 544
732 4 732
732 5 733
733 0 728
733 1 693
733 2 733
733 3 514
733 4 343
733 5 733
734 0 734
734 1 768
734 2 734
734 3 737
734 4 575
734 5 344
735 0 754
735 1 735
735 2 755
735 3 738
735 4 576
735 5 345
736 0 737
736 1 738
736 2 678
736 3 736
736 4 739
736 5 346
737 0 737
737 1 753
737 2 679
737 3 737
737 4 740
737 5 347
738 0 751
738 1 738
738 2 702
738 3 738
738 4 741
738 5 348
739 0 740
739 1 741
739 2 681
739 3 580
739 4 739
739 5 742
740 0 740
740 1 750
740 2 682
740 3 581
740 4 740
740 5 743
741 0 748
741 1 741
741 2 695
741 3 582
741 4 741
741 5 744
742 0 743
742 1 744
742 2 684
742 3 583
742 4 352
742 5 742
743 0 743
743 1 747
743 2 685
743 3 584
743 4 353
743 5 743
744 0 745
744 1 744
744 2 688
744 3 585
744 4 354
744 5 744
745 0 745
745 1 746
745 2 689
745 3 586
745 4 355
745 5 745
746 0 746
746 1 746
746 2 690
746 3 587
746 4 356
746 5 746
747 0 746
747 1 747
747 2 693
747 3 588
747 4 357
747 5 747
748 0 748
748 1 749
748 2 696
748 3 589
748 4 748
748 5 745
749 0 749
749 1 749
749 2 697
749 3 590
749 4 749
749 5 746
750 0 749
750 1 750
750 2 700
750 3 591
750 4 750
750 5 747
751 0 751
751 1 752
751 2 703
751 3 751
751 4 748
751 5 361
752 0 752
752 1 752
752 2 704
752 3 752
752 4 749
752 5 362
753 0 752
753 1 753
753 2 707
753 3 753
753 4 750
753 5 363
754 0 754
754 1 767
754 2 756
754 3 751
754 4 595
754 5 364
755 0 756
755 1 755
755 2 755
755 3 757
755 4 596
755 5 365
756 0 756
756 1 766
756 2 756
756 3 758
756 4 597
756 5 366
757 0 758
757 1 757
757 2 702
757 3 757
757 4 759
757 5 367
758 0 758
758 1 765
758 2 703
758 3 758
758 4 760
758 5 368
759 0 760
759 1 759
759 2 695
759 3 600
759 4 759
759 5 761
760 0 760
760 1 764
760 2 696
760 3 601
760 4 760
760 5 762
761 0 762
761 1 761
761 2 688
761 3 602
761 4 371
761 5 761
762 0 762
762 1 763
762 2 689
762 3 603
762 4 372
762 5 762
763 0 763
763 1 763
763 2 690
763 3 604
763 4 373
763 5 763
764 0 764
764 1 764
764 2 697
764 3 605
764 4 764
764 5 763
765 0 765
765 1 765
765 2 704
765 3 765
765 4 764
765 5 375
766 0 766
766 1 766
766 2 766
766 3 765
766 4 607
766 5 376
767 0 767
767 1 767
767 2 766
767 3 752
767 4 608
767 5 377
768 0 767
768 1 768
768 2 769
768 3 753
768 4 609
768 5 378
769 0 766
769 1 769
769 2 769
769 3 770
769 4 610
769 5 379
770 0 765
770 1 770
770 2 707
770 3 770
770 4 771
770 5 380
771 0 764
771 1 771
771 2 700
771 3 612
771 4 771
771 5 772
772 0 763
772 1 772
772 2 693
772 3 613
772 4 382
772 5 772
773 0 773
773 1 782
773 2 775
773 3 715
773 4 614
773 5 383
774 0 775
774 1 755
774 2 774
774 3 776
774 4 615
774 5 384
775 0 775
775 1 766
775 2 775
775 3 777
775 4 616
775 5 385
776 0 777
776 1 757
776 2 718
776 3 776
776 4 778
776 5 386
777 0 777
777 1 765
777 2 719
777 3 777
777 4 779
777 5 387
778 0 779
778 1 759
778 2 720
778 3 619
778 4 778
778 5 780
779 0 779
779 1 764
779 2 721
779 3 620
779 4 779
779 5 781
780 0 781
780 1 761
780 2 722
780 3 621
780 4 390
780 5 780
781 0 781
781 1 763
781 2 723
781 3 622
781 4 391
781 5 781
782 0 782
782 1 782
782 2 783
782 3 724
782 4 623
782 5 392
783 0 783
783 1 766
783 2 783
783 3 784
783 4 624
783 5 393
784 0 784
784 1 765
784 2 726
784 3 784
784 4 785
784 5 394
785 0 785
785 1 764
785 2 727
785 3 626
785 4 785
785 5 786
786 0 786
786 1 763
786 2 728
786 3 627
786 4 396
786 5 786
787 0 782
787 1 787
787 2 788
787 3 729
787 4 628
787 5 397
788 0 783
788 1 769
788 2 788
788 3 789
788 4 629
788 5 398
789 0 784
789 1 770
789 2 731
789 3 789
789 4 790
789 5 399
790 0 785
790 1 771
790 2 732
790 3 631
790 4 790
790 5 791
791 0 786
791 1 772
791 2 733
791 3 632
791 4 401
791 5 791
792 0 0
36
