239 1429 12 1
0 0 238
0 1 225
0 2 231
0 3 230
0 4 232
0 5 236
238 0 238
238 1 226
238 2 223
238 3 234
238 4 227
238 5 237
225 0 177
225 1 225
225 2 186
225 3 204
225 4 190
225 5 217
231 0 223
231 1 186
231 2 231
231 3 185
231 4 189
231 5 233
230 0 234
230 1 204
230 2 185
230 3 230
230 4 211
230 5 228
232 0 227
232 1 190
232 2 189
232 3 211
232 4 232
232 5 212
236 0 237
236 1 217
236 2 233
236 3 228
236 4 235
236 5 236
237 0 237
237 1 219
237 2 220
237 3 218
237 4 224
237 5 237
217 0 166
217 1 217
217 2 200
217 3 180
217 4 207
217 5 217
233 0 220
233 1 200
233 2 233
233 3 201
233 4 214
233 5 233
228 0 218
228 1 180
228 2 201
228 3 228
228 4 179
228 5 228
235 0 224
235 1 207
235 2 214
235 3 210
235 4 235
235 5 212
224 0 224
224 1 208
224 2 176
224 3 216
224 4 224
224 5 209
207 0 149
207 1 207
207 2 157
207 3 151
207 4 207
207 5 153
214 0 176
214 1 157
214 2 214
214 3 192
214 4 214
214 5 158
210 0 216
210 1 151
210 2 195
210 3 210
210 4 179
210 5 154
209 0 209
209 1 150
209 2 199
209 3 164
209 4 209
209 5 209
79 0 25
79 1 79
79 2 125
79 3 79
79 4 127
79 5 79
143 0 145
143 1 127
143 2 74
143 3 143
143 4 143
143 5 143
145 0 145
145 1 76
145 2 130
145 3 145
145 4 145
145 5 145
127 0 24
127 1 127
127 2 59
127 3 127
127 4 127
127 5 127
63 0 118
63 1 19
63 2 63
63 3 63
63 4 63
63 5 63
118 0 118
118 1 49
118 2 118
118 3 118
118 4 118
118 5 118
1 0 1
1 1 1
1 2 1
1 3 1
1 4 1
1 5 1
10 0 10
10 1 10
10 2 1
10 3 10
10 4 10
10 5 10
49 0 10
49 1 49
49 2 11
49 3 49
49 4 49
49 5 49
11 0 1
11 1 11
11 2 11
11 3 11
11 4 11
11 5 11
9 0 9
9 1 9
9 2 9
9 3 1
9 4 9
9 5 9
48 0 9
48 1 48
48 2 48
48 3 11
48 4 48
48 5 48
24 0 24
24 1 24
24 2 16
24 3 24
24 4 24
24 5 24
59 0 16
59 1 59
59 2 59
59 3 15
59 4 59
59 5 59
16 0 16
16 1 9
16 2 16
16 3 2
16 4 16
16 5 16
15 0 2
15 1 15
15 2 15
15 3 15
15 4 15
15 5 15
2 0 2
2 1 1
2 2 2
2 3 2
2 4 2
2 5 2
76 0 24
76 1 76
76 2 60
76 3 76
76 4 76
76 5 76
60 0 16
60 1 48
60 2 60
60 3 50
60 4 60
60 5 60
50 0 2
50 1 11
50 2 50
50 3 50
50 4 50
50 5 50
8 0 8
8 1 8
8 2 8
8 3 8
8 4 1
8 5 8
47 0 8
47 1 47
47 2 47
47 3 47
47 4 11
47 5 47
46 0 46
46 1 46
46 2 46
46 3 8
46 4 9
46 5 46
29 0 55
29 1 29
29 2 117
29 3 80
29 4 62
29 5 29
117 0 46
117 1 117
117 2 117
117 3 47
117 4 48
117 5 117
125 0 5
125 1 125
125 2 125
125 3 54
125 4 59
125 5 125
5 0 5
5 1 46
5 2 5
5 3 14
5 4 16
5 5 5
54 0 14
54 1 54
54 2 54
54 3 54
54 4 15
54 5 54
14 0 14
14 1 8
14 2 14
14 3 14
14 4 2
14 5 14
146 0 25
146 1 146
146 2 126
146 3 146
146 4 76
146 5 146
57 0 14
57 1 47
57 2 57
57 3 57
57 4 50
57 5 57
66 0 20
66 1 66
66 2 54
66 3 66
66 4 19
66 5 66
19 0 3
19 1 19
19 2 15
19 3 19
19 4 19
19 5 19
83 0 27
83 1 83
83 2 83
83 3 66
83 4 83
83 5 83
3 0 3
3 1 10
3 2 2
3 3 3
3 4 3
3 5 3
150 0 78
150 1 150
150 2 133
150 3 146
150 4 150
150 5 150
133 0 27
133 1 136
133 2 133
133 3 68
133 4 133
133 5 133
58 0 3
58 1 49
58 2 50
58 3 58
58 4 58
58 5 58
216 0 216
216 1 163
216 2 165
216 3 216
216 4 203
216 5 164
151 0 86
151 1 151
151 2 170
151 3 151
151 4 101
151 5 79
195 0 165
195 1 119
195 2 195
195 3 192
195 4 139
195 5 141
179 0 203
179 1 101
179 2 139
179 3 179
179 4 179
179 5 143
203 0 203
203 1 144
203 2 183
203 3 203
203 4 203
203 5 145
101 0 36
101 1 101
101 2 95
101 3 101
101 4 101
101 5 127
139 0 183
139 1 71
139 2 139
139 3 128
139 4 139
139 5 74
183 0 183
183 1 103
183 2 183
183 3 193
183 4 183
183 5 130
128 0 193
128 1 61
128 2 128
128 3 128
128 4 128
128 5 63
193 0 193
193 1 114
193 2 193
193 3 193
193 4 193
193 5 118
17 0 17
17 1 43
17 2 13
17 3 17
17 4 17
17 5 3
7 0 7
7 1 7
7 2 7
7 3 7
7 4 7
7 5 1
43 0 43
43 1 43
43 2 7
43 3 43
43 4 43
43 5 10
114 0 43
114 1 114
114 2 44
114 3 114
114 4 114
114 5 49
44 0 7
44 1 44
44 2 44
44 3 44
44 4 44
44 5 11
21 0 21
21 1 37
21 2 34
21 3 17
21 4 21
21 5 4
42 0 42
42 1 42
42 2 42
42 3 7
42 4 42
42 5 9
37 0 37
37 1 37
37 2 42
37 3 43
37 4 37
37 5 18
103 0 37
103 1 103
103 2 113
103 3 114
103 4 103
103 5 62
113 0 42
113 1 113
113 2 113
113 3 44
113 4 113
113 5 48
36 0 36
36 1 36
36 2 34
36 3 36
36 4 36
36 5 24
95 0 34
95 1 95
95 2 95
95 3 52
95 4 95
95 5 59
52 0 13
52 1 52
52 2 52
52 3 52
52 4 52
52 5 15
13 0 13
13 1 7
13 2 13
13 3 13
13 4 13
13 5 2
144 0 36
144 1 144
144 2 121
144 3 144
144 4 144
144 5 76
121 0 34
121 1 113
121 2 121
121 3 56
121 4 121
121 5 60
56 0 13
56 1 44
56 2 56
56 3 56
56 4 56
56 5 50
165 0 165
165 1 89
165 2 165
165 3 191
165 4 183
165 5 87
119 0 51
119 1 119
119 2 170
119 3 110
119 4 71
119 5 72
191 0 191
191 1 108
191 2 191
191 3 191
191 4 193
191 5 155
110 0 39
110 1 110
110 2 94
110 3 110
110 4 61
110 5 66
39 0 39
39 1 111
39 2 32
39 3 39
39 4 17
39 5 20
94 0 32
94 1 94
94 2 94
94 3 94
94 4 52
94 5 54
41 0 41
41 1 41
41 2 41
41 3 41
41 4 7
41 5 8
111 0 111
111 1 111
111 2 41
111 3 111
111 4 43
111 5 26
112 0 41
112 1 112
112 2 112
112 3 112
112 4 44
112 5 47
51 0 51
51 1 33
51 2 30
51 3 39
51 4 21
51 5 22
170 0 30
170 1 170
170 2 170
170 3 94
170 4 95
170 5 125
96 0 96
96 1 96
96 2 96
96 3 41
96 4 42
96 5 46
33 0 33
33 1 33
33 2 96
33 3 111
33 4 37
33 5 55
89 0 33
89 1 89
89 2 172
89 3 108
89 4 103
89 5 29
172 0 96
172 1 172
172 2 172
172 3 112
172 4 113
172 5 117
86 0 86
86 1 86
86 2 30
86 3 86
86 4 36
86 5 25
30 0 30
30 1 96
30 2 30
30 3 32
30 4 34
30 5 5
32 0 32
32 1 41
32 2 32
32 3 32
32 4 13
32 5 14
163 0 86
163 1 163
163 2 88
163 3 163
163 4 144
163 5 146
88 0 30
88 1 172
88 2 88
88 3 120
88 4 121
88 5 126
120 0 32
120 1 112
120 2 120
120 3 120
120 4 56
120 5 57
176 0 176
176 1 99
176 2 176
176 3 191
176 4 176
176 5 199
192 0 191
192 1 110
192 2 192
192 3 192
192 4 128
192 5 131
61 0 17
61 1 61
61 2 52
61 3 61
61 4 61
61 5 19
35 0 35
35 1 35
35 2 35
35 3 111
35 4 35
35 5 69
99 0 35
99 1 99
99 2 99
99 3 108
99 4 99
99 5 136
108 0 111
108 1 108
108 2 112
108 3 108
108 4 114
108 5 80
149 0 149
149 1 149
149 2 82
149 3 86
149 4 149
149 5 78
157 0 82
157 1 157
157 2 157
157 3 110
157 4 157
157 5 83
82 0 82
82 1 35
82 2 82
82 3 39
82 4 82
82 5 27
208 0 149
208 1 208
208 2 160
208 3 163
208 4 208
208 5 150
160 0 82
160 1 99
160 2 160
160 3 129
160 4 160
160 5 133
129 0 39
129 1 108
129 2 120
129 3 129
129 4 64
129 5 68
64 0 17
64 1 114
64 2 56
64 3 64
64 4 64
64 5 58
218 0 218
218 1 167
218 2 169
218 3 218
218 4 203
218 5 218
180 0 90
180 1 180
180 2 171
180 3 180
180 4 101
180 5 180
74 0 130
74 1 23
74 2 74
74 3 63
74 4 74
74 5 74
130 0 130
130 1 62
130 2 130
130 3 118
130 4 130
130 5 130
18 0 18
18 1 18
18 2 9
18 3 10
18 4 18
18 5 18
62 0 18
62 1 62
62 2 48
62 3 49
62 4 62
62 5 62
34 0 34
34 1 42
34 2 34
34 3 13
34 4 34
34 5 16
169 0 169
169 1 93
169 2 169
169 3 169
169 4 183
169 5 169
138 0 70
138 1 138
138 2 171
138 3 138
138 4 71
138 5 138
71 0 21
71 1 71
71 2 95
71 3 61
71 4 71
71 5 23
171 0 97
171 1 171
171 2 171
171 3 171
171 4 95
171 5 171
97 0 97
97 1 102
97 2 97
97 3 97
97 4 34
97 5 97
102 0 102
102 1 102
102 2 102
102 3 102
102 4 42
102 5 102
31 0 31
31 1 31
31 2 102
31 3 31
31 4 37
31 5 31
93 0 31
93 1 93
93 2 182
93 3 93
93 4 103
93 5 93
182 0 102
182 1 182
182 2 182
182 3 182
182 4 113
182 5 182
90 0 90
90 1 90
90 2 97
90 3 90
90 4 36
90 5 90
167 0 90
167 1 167
167 2 174
167 3 167
167 4 144
167 5 167
174 0 97
174 1 182
174 2 174
174 3 174
174 4 121
174 5 174
220 0 220
220 1 168
220 2 220
220 3 169
220 4 176
220 5 220
200 0 137
200 1 200
200 2 200
200 3 138
200 4 157
200 5 200
201 0 169
201 1 138
201 2 201
201 3 201
201 4 139
201 5 201
70 0 70
70 1 31
70 2 97
70 3 70
70 4 21
70 5 70
137 0 137
137 1 92
137 2 137
137 3 70
137 4 82
137 5 137
92 0 92
92 1 92
92 2 92
92 3 31
92 4 35
92 5 92
168 0 92
168 1 168
168 2 168
168 3 93
168 4 99
168 5 168
166 0 166
166 1 166
166 2 137
166 3 90
166 4 149
166 5 166
23 0 4
23 1 23
23 2 59
23 3 19
23 4 23
23 5 23
4 0 4
4 1 18
4 2 16
4 3 3
4 4 4
4 5 4
219 0 166
219 1 219
219 2 202
219 3 167
219 4 208
219 5 219
202 0 137
202 1 168
202 2 202
202 3 140
202 4 160
202 5 202
140 0 70
140 1 93
140 2 174
140 3 140
140 4 75
140 5 140
75 0 21
75 1 103
75 2 121
75 3 64
75 4 75
75 5 65
65 0 4
65 1 62
65 2 60
65 3 58
65 4 65
65 5 65
227 0 227
227 1 178
227 2 188
227 3 206
227 4 227
227 5 209
190 0 100
190 1 190
190 2 107
190 3 152
190 4 190
190 5 153
189 0 188
189 1 107
189 2 189
189 3 198
189 4 189
189 5 158
211 0 206
211 1 152
211 2 187
211 3 211
211 4 211
211 5 154
212 0 209
212 1 153
212 2 158
212 3 154
212 4 212
212 5 212
153 0 78
153 1 153
153 2 83
153 3 79
153 4 153
153 5 153
158 0 199
158 1 83
158 2 158
158 3 131
158 4 158
158 5 158
87 0 87
87 1 29
87 2 87
87 3 155
87 4 130
87 5 87
25 0 25
25 1 25
25 2 5
25 3 25
25 4 24
25 5 25
126 0 5
126 1 117
126 2 126
126 3 57
126 4 60
126 5 126
199 0 199
199 1 136
199 2 199
199 3 155
199 4 199
199 5 199
131 0 155
131 1 66
131 2 131
131 3 131
131 4 63
131 5 131
155 0 155
155 1 80
155 2 155
155 3 155
155 4 118
155 5 155
20 0 20
20 1 26
20 2 14
20 3 20
20 4 3
20 5 20
26 0 26
26 1 26
26 2 8
26 3 26
26 4 10
26 5 26
80 0 26
80 1 80
80 2 47
80 3 80
80 4 49
80 5 80
27 0 27
27 1 69
27 2 27
27 3 20
27 4 27
27 5 27
69 0 69
69 1 69
69 2 69
69 3 26
69 4 69
69 5 69
136 0 69
136 1 136
136 2 136
136 3 80
136 4 136
136 5 136
78 0 78
78 1 78
78 2 27
78 3 25
78 4 78
78 5 78
152 0 77
152 1 152
152 2 196
152 3 152
152 4 152
152 5 79
67 0 67
67 1 67
67 2 45
67 3 67
67 4 67
67 5 26
196 0 28
196 1 196
196 2 196
196 3 122
196 4 196
196 5 125
45 0 45
45 1 45
45 2 45
45 3 45
45 4 45
45 5 8
38 0 67
38 1 38
38 2 116
38 3 38
38 4 38
38 5 80
116 0 45
116 1 116
116 2 116
116 3 116
116 4 116
116 5 47
115 0 115
115 1 115
115 2 115
115 3 45
115 4 115
115 5 46
85 0 123
85 1 85
85 2 194
85 3 38
85 4 85
85 5 29
194 0 115
194 1 194
194 2 194
194 3 116
194 4 194
194 5 117
77 0 77
77 1 77
77 2 28
77 3 77
77 4 77
77 5 25
28 0 28
28 1 115
28 2 28
28 3 53
28 4 28
28 5 5
122 0 53
122 1 122
122 2 122
122 3 122
122 4 122
122 5 54
53 0 53
53 1 45
53 2 53
53 3 53
53 4 53
53 5 14
124 0 53
124 1 116
124 2 124
124 3 124
124 4 124
124 5 57
188 0 188
188 1 106
188 2 188
188 3 109
188 4 188
188 5 199
107 0 81
107 1 107
107 2 107
107 3 132
107 4 107
107 5 83
198 0 109
198 1 132
198 2 198
198 3 198
198 4 198
198 5 131
109 0 109
109 1 38
109 2 109
109 3 109
109 4 109
109 5 155
132 0 6
132 1 132
132 2 122
132 3 132
132 4 132
132 5 66
81 0 81
81 1 134
81 2 81
81 3 6
81 4 81
81 5 27
134 0 134
134 1 134
134 2 134
134 3 67
134 4 134
134 5 69
106 0 134
106 1 106
106 2 106
106 3 38
106 4 106
106 5 136
100 0 100
100 1 100
100 2 81
100 3 77
100 4 100
100 5 78
6 0 6
6 1 67
6 2 53
6 3 6
6 4 6
6 5 20
178 0 100
178 1 178
178 2 159
178 3 148
178 4 178
178 5 150
159 0 81
159 1 106
159 2 159
159 3 135
159 4 159
159 5 133
135 0 6
135 1 38
135 2 124
135 3 135
135 4 135
135 5 68
68 0 20
68 1 80
68 2 57
68 3 68
68 4 58
68 5 68
234 0 234
234 1 205
234 2 215
234 3 234
234 4 206
234 5 218
204 0 147
204 1 204
204 2 221
204 3 204
204 4 152
204 5 180
206 0 206
206 1 148
206 2 162
206 3 206
206 4 206
206 5 164
154 0 164
154 1 79
154 2 141
154 3 154
154 4 143
154 5 154
164 0 164
164 1 146
164 2 87
164 3 164
164 4 145
164 5 164
162 0 162
162 1 85
162 2 162
162 3 109
162 4 162
162 5 87
148 0 77
148 1 148
148 2 197
148 3 148
148 4 148
148 5 146
197 0 28
197 1 194
197 2 197
197 3 124
197 4 197
197 5 126
215 0 215
215 1 161
215 2 215
215 3 215
215 4 162
215 5 169
185 0 215
185 1 104
185 2 185
185 3 185
185 4 187
185 5 201
104 0 91
104 1 104
104 2 221
104 3 104
104 4 105
104 5 138
141 0 87
141 1 72
141 2 141
141 3 131
141 4 74
141 5 141
72 0 22
72 1 72
72 2 125
72 3 66
72 4 23
72 5 72
40 0 40
40 1 123
40 2 28
40 3 6
40 4 40
40 5 22
123 0 123
123 1 123
123 2 115
123 3 67
123 4 123
123 5 55
221 0 173
221 1 221
221 2 221
221 3 221
221 4 196
221 5 171
173 0 173
173 1 181
173 2 173
173 3 173
173 4 28
173 5 97
181 0 181
181 1 181
181 2 181
181 3 181
181 4 115
181 5 102
84 0 84
84 1 84
84 2 181
84 3 84
84 4 123
84 5 31
229 0 181
229 1 229
229 2 229
229 3 229
229 4 194
229 5 182
147 0 147
147 1 147
147 2 173
147 3 147
147 4 77
147 5 90
205 0 147
205 1 205
205 2 222
205 3 205
205 4 148
205 5 167
222 0 173
222 1 229
222 2 222
222 3 222
222 4 197
222 5 174
223 0 223
223 1 175
223 2 223
223 3 215
223 4 188
223 5 220
186 0 156
186 1 186
186 2 186
186 3 104
186 4 107
186 5 200
187 0 162
187 1 105
187 2 187
187 3 198
187 4 187
187 5 141
105 0 40
105 1 105
105 2 196
105 3 132
105 4 105
105 5 72
22 0 22
22 1 55
22 2 5
22 3 20
22 4 4
22 5 22
55 0 55
55 1 55
55 2 46
55 3 26
55 4 18
55 5 55
98 0 98
98 1 98
98 2 98
98 3 84
98 4 134
98 5 92
175 0 98
175 1 175
175 2 175
175 3 161
175 4 106
175 5 168
161 0 84
161 1 161
161 2 229
161 3 161
161 4 85
161 5 93
177 0 177
177 1 177
177 2 156
177 3 147
177 4 100
177 5 166
91 0 91
91 1 84
91 2 173
91 3 91
91 4 40
91 5 70
156 0 156
156 1 98
156 2 156
156 3 91
156 4 81
156 5 137
226 0 177
226 1 226
226 2 213
226 3 205
226 4 178
226 5 219
213 0 156
213 1 175
213 2 213
213 3 184
213 4 159
213 5 202
184 0 91
184 1 161
184 2 222
184 3 184
184 4 142
184 5 140
142 0 40
142 1 85
142 2 197
142 3 135
142 4 142
142 5 73
73 0 22
73 1 29
73 2 126
73 3 68
73 4 65
73 5 73
12 0 0
1
