69 273 68 1
0 0 1
0 1 2
0 2 3
0 3 4
1 0 1
1 1 65
1 2 38
1 3 5
2 0 57
2 1 2
2 2 58
2 3 6
3 0 38
3 1 39
3 2 3
3 3 40
4 0 5
4 1 6
4 2 7
4 3 4
5 0 5
5 1 35
5 2 8
5 3 5
6 0 27
6 1 6
6 2 28
6 3 6
7 0 8
7 1 9
7 2 7
7 3 10
8 0 8
8 1 25
8 2 8
8 3 11
9 0 20
9 1 9
9 2 21
9 3 12
10 0 11
10 1 12
10 2 10
10 3 10
11 0 11
11 1 18
11 2 11
11 3 11
12 0 13
12 1 12
12 2 14
12 3 12
13 0 13
13 1 17
13 2 15
13 3 13
14 0 15
14 1 14
14 2 14
14 3 14
15 0 15
15 1 16
15 2 15
15 3 15
16 0 16
16 1 16
16 2 16
16 3 16
17 0 17
17 1 17
17 2 16
17 3 17
18 0 17
18 1 18
18 2 19
18 3 18
19 0 16
19 1 19
19 2 19
19 3 19
20 0 20
20 1 24
20 2 22
20 3 13
21 0 22
21 1 21
21 2 21
21 3 14
22 0 22
22 1 23
22 2 22
22 3 15
23 0 23
23 1 23
23 2 23
23 3 16
24 0 24
24 1 24
24 2 23
24 3 17
25 0 24
25 1 25
25 2 26
25 3 18
26 0 23
26 1 26
26 2 26
26 3 19
27 0 27
27 1 32
27 2 29
27 3 27
28 0 29
28 1 21
28 2 28
28 3 30
29 0 29
29 1 23
29 2 29
29 3 31
30 0 31
30 1 14
30 2 30
30 3 30
31 0 31
31 1 16
31 2 31
31 3 31
32 0 32
32 1 32
32 2 33
32 3 32
33 0 33
33 1 23
33 2 33
33 3 34
34 0 34
34 1 16
34 2 34
34 3 34
35 0 32
35 1 35
35 2 36
35 3 35
36 0 33
36 1 26
36 2 36
36 3 37
37 0 34
37 1 19
37 2 37
37 3 37
38 0 38
38 1 54
38 2 38
38 3 41
39 0 46
39 1 39
39 2 47
39 3 42
40 0 41
40 1 42
40 2 10
40 3 40
41 0 41
41 1 45
41 2 11
41 3 41
42 0 43
42 1 42
42 2 14
42 3 42
43 0 43
43 1 44
43 2 15
43 3 43
44 0 44
44 1 44
44 2 16
44 3 44
45 0 44
45 1 45
45 2 19
45 3 45
46 0 46
46 1 53
46 2 48
46 3 43
47 0 48
47 1 47
47 2 47
47 3 49
48 0 48
48 1 52
48 2 48
48 3 50
49 0 50
49 1 49
49 2 14
49 3 49
50 0 50
50 1 51
50 2 15
50 3 50
51 0 51
51 1 51
51 2 16
51 3 51
52 0 52
52 1 52
52 2 52
52 3 51
53 0 53
53 1 53
53 2 52
53 3 44
54 0 53
54 1 54
54 2 55
54 3 45
55 0 52
55 1 55
55 2 55
55 3 56
56 0 51
56 1 56
56 2 19
56 3 56
57 0 57
57 1 62
57 2 59
57 3 27
58 0 59
58 1 47
58 2 58
58 3 60
59 0 59
59 1 52
59 2 59
59 3 61
60 0 61
60 1 49
60 2 30
60 3 60
61 0 61
61 1 51
61 2 31
61 3 61
62 0 62
62 1 62
62 2 63
62 3 32
63 0 63
63 1 52
63 2 63
63 3 64
64 0 64
64 1 51
64 2 34
64 3 64
65 0 62
65 1 65
65 2 66
65 3 35
66 0 63
66 1 55
66 2 66
66 3 67
67 0 64
67 1 56
67 2 37
67 3 67
68 0 0
16
